[General]
Map=eur25nuts1
[Values]
AT=1.136096478
BE=1.072665215
CZ=1.176466703
DE=1.067197084
DK=1.14610374
ES=1.172795892
FL=1.148268104
FR=1.128419995
GR=1.145021796
HU=1.140586853
I=1.024677396
IRL=1.27468586
LU=1.072665215
NL=1.117228627
P=1.104428172
PL=1.242260337
SE=1.128476262
SK=1.3071661
SL=1.098297477
UK=1.137127638
