[General]
Map=eur25nuts1
[Values]
AT=1.027558088
BE=1.00727272
CZ=1.026993513
DE=0.996885777
DK=1.000711083
ES=1.00607121
FL=1.017095566
FR=0.994536996
GR=0.98456341
HU=1.109720469
I=0.989871383
IRL=1.073035955
LU=1.00727272
NL=1.001701713
P=0.994677246
PL=1.051897287
SE=1.013592839
SK=1.025144339
SL=1.019489884
UK=1.002170324
