[General]
Map=eur25nuts1
[Values]
AT=0.973321259
BE=0.998747706
CZ=1.060118556
DE=0.949174047
DK=1.078217506
ES=1.050764441
FL=1.036215901
FR=1.022570729
GR=0.985103905
HU=1.242369652
I=0.905366063
IRL=1.085976601
LU=0.998747706
NL=0.949699342
P=1.01852715
PL=1.141216993
SE=0.977981985
SK=1.116099
SL=1.057763219
UK=1.016158342
