[General]
Map=eur25nuts1
[Values]
AT=1.000352025
BE=0.979719877
CZ=0.976026237
DE=0.995158076
DK=0.982569158
ES=0.995292246
FL=0.983384788
FR=0.981430471
GR=0.998985469
HU=0.967941105
I=0.994633317
IRL=0.9994573
LU=0.979719877
NL=0.994771779
P=0.995822847
PL=0.980817974
SE=0.991458416
SK=0.983630419
SL=1.033312201
UK=0.990013361
