[General]
Map=eur25nuts1
[Values]
AT=1.005479097
BE=0.999104559
CZ=1.00498724
DE=1.000713468
DK=0.999046504
ES=1.005182981
FL=1.006510139
FR=1.003442645
GR=1.002130747
HU=1.039482355
I=1.000790834
IRL=1.029504895
LU=0.999104559
NL=1.010473013
P=1.007659435
PL=1.013573527
SE=1.003450871
SK=1.007001519
SL=1.002874494
UK=1.00231564
