[General]
Map=eur25nuts1
[Values]
AT=1.000291467
BE=1.000272155
CZ=1.000152826
DE=1.000083923
DK=1.000205517
ES=1.000501394
FL=1.000369787
FR=1.000172734
GR=0.999862015
HU=1.001014829
I=0.999962151
IRL=1.001464128
LU=1.000272155
NL=1.00032568
P=1.000590086
PL=1.000778198
SE=1.000196218
SK=1.000464797
SL=1.000082612
UK=1.000184536
