[General]
Map=eur25nuts1
[Values]
AT=1.017670512
BE=1.018704057
CZ=1.048653007
DE=1.026864409
DK=1.105608463
ES=1.04833746
FL=1.073987365
FR=1.078420758
GR=1.079530597
HU=1.095033288
I=0.949344873
IRL=1.117900252
LU=1.018704057
NL=1.034591079
P=1.098216891
PL=1.100890636
SE=1.067839742
SK=1.074503303
SL=1.0823282
UK=1.076236844
