[General]
Map=eur25nuts1
[Values]
AT=0.998282671
BE=0.996353567
CZ=0.993923426
DE=1.000837564
DK=1.000135541
ES=1.002951384
FL=1.001972795
FR=1.006143212
GR=1.001705647
HU=0.978316605
I=1.005357981
IRL=1.002779126
LU=0.996353567
NL=1.011211276
P=1.010102868
PL=0.991419256
SE=0.999872506
SK=0.998873651
SL=0.996474147
UK=1.001882672
