[General]
Map=eur25nuts1
[Values]
AT=1.112501144
BE=0.996246457
CZ=1.14528501
DE=1.077197909
DK=1.085883498
ES=1.154326797
FL=1.087769032
FR=1.115152717
GR=1.125795841
HU=1.01753521
I=1.024922371
IRL=1.218693018
LU=0.996246457
NL=1.125353336
P=1.116099834
PL=1.170545459
SE=1.108697534
SK=1.226827741
SL=1.139520645
UK=1.115859985
