[General]
Map=eur25nuts1
[Values]
AT=1.07055831
BE=0.999703586
CZ=1.114364505
DE=1.046227217
DK=1.086496234
ES=1.111612916
FL=1.074754596
FR=1.083601117
GR=1.092148423
HU=1.118225574
I=0.984943748
IRL=1.169682741
LU=0.999703586
NL=1.068005443
P=1.086154342
PL=1.15920198
SE=1.073692441
SK=1.182178259
SL=1.116418123
UK=1.089841723
