[General]
Map=eur25nuts1
[Values]
AT=0.995366156
BE=0.982871056
CZ=0.99534446
DE=0.99216795
DK=0.985723794
ES=0.993960917
FL=0.985657275
FR=0.981301546
GR=0.99532032
HU=1.036263466
I=0.990706682
IRL=0.994987488
LU=0.982871056
NL=0.991452277
P=0.995577931
PL=1.009524703
SE=0.985452175
SK=0.997294605
SL=1.040710688
UK=0.991570413
