[General]
Map=eur25nuts1
[Values]
AT=0.998395681
BE=0.995556533
CZ=1.010723829
DE=1.008999228
DK=0.984188914
ES=1.012539029
FL=1.009816051
FR=1.010099053
GR=1.029926062
HU=1.043724895
I=0.999542534
IRL=1.071473598
LU=0.995556533
NL=1.02154088
P=1.025479794
PL=1.027508855
SE=0.999754906
SK=1.00942719
SL=1.006998658
UK=1.009413362
