[General]
Map=eur25nuts1
[Values]
AT=0.999741375
BE=0.998488307
CZ=1.001562476
DE=1.00028038
DK=0.99994278
ES=0.999709189
FL=0.999889433
FR=0.999706864
GR=0.999299109
HU=1.002835751
I=0.999609292
IRL=0.999592781
LU=0.998488307
NL=0.999231875
P=0.999898255
PL=0.998166025
SE=0.999659598
SK=1.000887036
SL=1.002876163
UK=0.999929368
