[General]
Map=eur25nuts1
[Values]
AT=0.950676978
BE=0.95756948
CZ=1.016879201
DE=0.993274271
DK=0.99607724
ES=1.006378412
FL=0.984532297
FR=0.999463379
GR=0.998171747
HU=1.090629697
I=0.974959433
IRL=1.050534844
LU=0.95756948
NL=0.932761848
P=0.904718518
PL=1.044440269
SE=0.957583785
SK=1.019572616
SL=1.027597666
UK=1.010920525
