[General]
Map=eur25nuts1
[Values]
AT=0.927295923
BE=0.942537725
CZ=1.171295404
DE=0.87515533
DK=0.921095908
ES=1.0121032
FL=0.99938494
FR=0.990816653
GR=0.948317468
HU=1.83845365
I=0.884805024
IRL=1.07054317
LU=0.942537725
NL=0.935992658
P=1.014930606
PL=1.427113652
SE=0.891034842
SK=1.244040012
SL=1.152525544
UK=0.997942686
