[General]
Map=eur25nuts1
[Values]
AT=1.004888654
BE=1.000827074
CZ=0.994433045
DE=1.00016582
DK=1.008201718
ES=0.999536693
FL=0.997127831
FR=1.008274555
GR=1.00243187
HU=0.99788332
I=1.005929351
IRL=0.999563992
LU=1.000827074
NL=1.029281616
P=0.984227896
PL=1.000589132
SE=1.003157496
SK=0.99600786
SL=0.997119486
UK=1.011043191
