[General]
Map=eur25nuts1
[Values]
AT=0.96544224
BE=0.979314864
CZ=1.138196707
DE=0.960967124
DK=0.955531478
ES=0.983858645
FL=0.992785215
FR=0.955751717
GR=0.948019385
HU=1.524888277
I=0.958099484
IRL=0.976859272
LU=0.979314864
NL=0.936592877
P=0.991240323
PL=1.326945782
SE=0.920556128
SK=1.162185073
SL=1.159079075
UK=1.000213146
