[General]
Map=eur25nuts1
[Values]
AT=0.904652834
BE=0.979857266
CZ=1.041966438
DE=0.960448027
DK=1.106593609
ES=1.068640947
FL=0.994532168
FR=1.040141344
GR=1.064953804
HU=1.148004055
I=0.909646034
IRL=1.074467421
LU=0.979857266
NL=0.808315516
P=0.955245078
PL=1.066363573
SE=0.949293613
SK=1.076571584
SL=1.11169219
UK=1.010118604
