[General]
Map=eur25nuts1
[Values]
AT=0.831906855
BE=0.855266809
CZ=1.080204606
DE=0.847829938
DK=0.710173965
ES=1.055145264
FL=1.060581088
FR=0.754471123
GR=0.824705601
HU=1.067421794
I=0.857845604
IRL=1.027336955
LU=0.855266809
NL=0.767831206
P=0.449356109
PL=1.064005494
SE=0.896263242
SK=1.090358138
SL=1.173973918
UK=1.001162887
