[General]
Map=eur25nuts1
[Values]
AT=1.009975076
BE=0.962077379
CZ=1.041340709
DE=0.972999215
DK=0.936313152
ES=0.954747915
FL=1.009987712
FR=0.956746638
GR=0.957909882
HU=1.225505352
I=0.984799862
IRL=1.064384222
LU=0.962077379
NL=1.023329973
P=0.976580322
PL=1.138650656
SE=0.989362061
SK=1.040823936
SL=1.021690607
UK=0.985171497
