[General]
Map=eur25nuts1
[Values]
AT=0.692689061
BE=0.771071136
CZ=1.02013886
DE=0.819277823
DK=0.672332346
ES=0.993800402
FL=0.979892075
FR=0.707401097
GR=0.71788919
HU=1.002831697
I=0.857671797
IRL=0.990656257
LU=0.771071136
NL=0.649407983
P=0.602553606
PL=0.999015987
SE=0.7923792
SK=1.03472054
SL=1.174774528
UK=0.869127452
