[General]
Map=eur25nuts1
[Values]
AT=0.034422357
BE=0.026489735
CZ=0.073540404
DE=0.038604509
DK=0.044436421
ES=0.051012281
FL=0.04275994
FR=0.043632079
GR=0.138241231
HU=0.058230028
I=0.038712665
IRL=0.039462168
LU=0.026489735
NL=0.03328298
P=0.042421401
PL=0.09877713
SE=0.022928562
SK=0.067298837
SL=0.056950904
UK=0.033058837
