[General]
Map=eur25nuts1
[Values]
AT=0.009579089
BE=0.006836223
CZ=0.016595667
DE=0.005372371
DK=0.016262606
ES=0.008456942
FL=0.00806986
FR=0.008937436
GR=0.011591
HU=0.01257439
I=0.007080766
IRL=0.01031569
LU=0.006836223
NL=0.006355927
P=0.004725934
PL=0.018124674
SE=0.003872676
SK=0.011775902
SL=0.011289161
UK=0.007343684
