[General]
Map=eur25nuts1
[Values]
AT=0.020322843
BE=0.016274109
CZ=0.046044786
DE=0.028416991
DK=0.023622334
ES=0.02983826
FL=0.027961891
FR=0.023829829
GR=0.090862729
HU=0.02400808
I=0.018166274
IRL=0.023258518
LU=0.016274109
NL=0.017358117
P=0.026626915
PL=0.061292902
SE=0.016752908
SK=0.047418356
SL=0.042312454
UK=0.023274597
