[General]
Map=eur25nuts1
[Values]
AT=0.004520425
BE=0.003379402
CZ=0.010899945
DE=0.004815148
DK=0.004551481
ES=0.012717077
FL=0.00672819
FR=0.010864815
GR=0.035787508
HU=0.021647552
I=0.013465625
IRL=0.00588796
LU=0.003379402
NL=0.00956894
P=0.011068553
PL=0.019359566
SE=0.002302979
SK=0.008104583
SL=0.003349293
UK=0.002440557
