[General]
Map=eur25nuts1
[Values]
AT=0.99315244
BE=1.013927341
CZ=0.995722353
DE=1.015310287
DK=1.025479317
ES=0.984834611
FL=1.049166918
FR=1.018419385
GR=0.916801035
HU=1.007787347
I=1.029724836
IRL=1.302076459
LU=1.013927341
NL=0.938602686
P=0.940057576
PL=0.957335413
SE=1.028717399
SK=0.96274817
SL=0.980833888
UK=0.981183469
