[General]
Map=eur25nuts1
[Values]
AT=0.9287709
BE=0.87428695
CZ=0.95555526
DE=0.927862167
DK=1.214021444
ES=0.989710867
FL=0.905682921
FR=1.029692769
GR=0.955734372
HU=1.098160148
I=0.927418113
IRL=1.281739712
LU=0.87428695
NL=1.168316483
P=0.850757658
PL=0.980081558
SE=0.897829175
SK=0.931056499
SL=0.929862857
UK=0.922749639
