[General]
Map=eur25nuts1
[Values]
AT=0.912522674
BE=0.907466292
CZ=0.909350038
DE=0.912255526
DK=1.217951059
ES=1.018239737
FL=0.861390591
FR=1.009620667
GR=0.980036497
HU=1.053738594
I=0.955663741
IRL=1.296446681
LU=0.907466292
NL=1.242129445
P=0.87192446
PL=0.954911768
SE=0.87554121
SK=0.903559804
SL=0.89639926
UK=0.924515605
