[General]
Map=eur25nuts1
[Values]
AT=0.983467698
BE=0.763896525
CZ=1.06982398
DE=0.982535422
DK=1.199044943
ES=0.886326075
FL=0.98874861
FR=1.084350348
GR=0.856028438
HU=1.205422878
I=0.852879345
IRL=1.259843707
LU=0.763896525
NL=0.957874179
P=0.776009023
PL=1.055741429
SE=0.97110039
SK=0.998466969
SL=1.042547822
UK=0.917669892
