[General]
Map=eur25nuts1
[Values]
AT=0.970239878
BE=0.983401895
CZ=1.021337152
DE=0.991962969
DK=0.991527259
ES=0.997833908
FL=0.971067905
FR=0.993822277
GR=1.012868762
HU=1.571797729
IRL=0.994950652
I=1.041833162
LU=0.983401895
NL=0.990871131
P=0.966716647
PL=1.046521902
SE=0.961987078
SK=1.019842863
SL=1.031446099
UK=0.998201668
