[General]
Map=eur25nuts1
[Values]
AT=1.050691605
BE=1.037453175
CZ=1.200959563
DE=1.049658298
DK=1.124219656
ES=1.112891436
FL=1.067302585
FR=1.10469377
GR=1.12628901
HU=1.738738418
I=0.980895817
IRL=1.229103208
LU=1.037453175
NL=1.068169832
P=1.078879714
PL=1.283701897
SE=1.064269781
SK=1.302887082
SL=1.273007751
UK=1.110988021
