[General]
Map=eur25nuts1
[Values]
AT=1.01805079
BE=1.004680157
CZ=0.97814101
DE=1.00559175
DK=1.007873774
ES=0.999418676
FL=1.003259301
FR=0.999319792
GR=1.000131249
HU=0.968957305
I=1.00145328
IRL=1.044289947
LU=1.004680157
NL=1.020920515
P=0.997836947
PL=0.982673228
SE=1.003320456
SK=0.984880209
SL=1.051526666
UK=1.002695441
