[General]
Map=eur25nuts1
[Values]
AT=0.984661043
BE=0.986273229
CZ=1.031208873
DE=0.9857651
DK=0.992008269
ES=0.995931208
FL=0.997822344
FR=0.993605435
GR=0.974500656
HU=1.12512362
I=0.980947614
IRL=0.961188555
LU=0.986273229
NL=0.969599187
P=0.995875299
PL=1.063016772
SE=0.980203629
SK=1.026966333
SL=1.075687408
UK=0.99275279
