[General]
Map=eur25nuts1
[Values]
AT=1.33016777
BE=1.25901866
CZ=1.339853525
DE=1.266909003
DK=1.327813864
ES=1.44097507
FL=1.337262273
FR=1.335390449
GR=1.323897243
HU=1.308233738
I=1.206448317
IRL=1.485255718
LU=1.25901866
NL=1.294962645
P=1.26937747
PL=1.408719301
SE=1.306084633
SK=1.484650731
SL=1.232191324
UK=1.320148826
