[General]
Map=eur25nuts1
[Values]
AT=0.999912798
BE=1.0001508
CZ=1.002253294
DE=0.999944448
DK=1.000005841
ES=1.000043392
FL=0.999782681
FR=1.000098228
GR=0.99932009
HU=1.002777576
I=1.000066996
IRL=1.000269413
LU=1.0001508
NL=0.999639034
P=0.999864876
PL=0.998280466
SE=0.999851882
SK=1.00120914
SL=1.004585266
UK=1.000010252
