[General]
Map=eur25nuts1
[Values]
AT=1.107563615
BE=1.081514597
CZ=1.068422914
DE=1.119295478
DK=1.160774946
ES=1.165911913
FL=1.128160119
FR=1.183175087
GR=1.139391541
HU=1.110299468
I=1.062097907
IRL=1.154099703
LU=1.081514597
NL=1.102930188
P=1.161502123
PL=1.13257432
SE=1.163185477
SK=1.082781553
SL=1.103287697
UK=1.152306199
