[General]
Map=eur25nuts1
[Values]
AT=0.998620689
BE=0.998378217
CZ=1.009579897
DE=1.001372576
DK=1.000769734
ES=0.999595582
FL=0.997246385
FR=1.000789523
GR=1.007263064
HU=1.009792805
I=0.998823762
IRL=0.993464053
LU=0.998378217
NL=1.000843406
P=0.999194205
PL=0.995756805
SE=0.997044384
SK=1.005632997
SL=1.025586486
UK=0.998818159
