[General]
Map=eur25nuts1
[Values]
AT=1.26170218
BE=1.115091205
CZ=1.231196642
DE=1.231437445
DK=1.226513982
ES=1.354727745
FL=1.229231477
FR=1.258884311
GR=1.246850848
HU=1.0931108
I=1.155802608
IRL=1.402714133
LU=1.115091205
NL=1.271207571
P=1.239872336
PL=1.271290302
SE=1.241092443
SK=1.326580524
SL=1.263319373
UK=1.242150307
