[General]
Map=eur25nuts1
[Values]
AT=1.025729537
BE=1.009145498
CZ=1.023174882
DE=0.995773256
DK=1.003338933
ES=1.00428617
FL=1.015328169
FR=0.993422389
GR=0.984684885
HU=1.094743609
I=0.989929616
IRL=1.065243959
LU=1.009145498
NL=1.005109549
P=0.99253279
PL=1.044649601
SE=1.01415062
SK=1.021896362
SL=1.01615119
UK=1.00214994
