[General]
Map=eur25nuts1
[Values]
AT=1.197753429
BE=1.111244082
CZ=1.178107381
DE=1.184982538
DK=1.208764911
ES=1.296364546
FL=1.195890307
FR=1.212186575
GR=1.200927258
HU=1.152778149
I=1.107600689
IRL=1.292355299
LU=1.111244082
NL=1.192920923
P=1.202316046
PL=1.228944778
SE=1.195781946
SK=1.25007534
SL=1.202835917
UK=1.206692934
