[General]
Map=eur25nuts1
[Values]
AT=1.056212664
BE=1.113530755
CZ=1.112986565
DE=1.06059289
DK=1.186582804
ES=1.246204138
FL=1.130904198
FR=1.133237958
GR=1.093936682
HU=1.240865588
I=1.015595317
IRL=1.098978877
LU=1.113530755
NL=1.062167048
P=1.146606565
PL=1.182530522
SE=1.080476284
SK=1.156706572
SL=1.093623877
UK=1.117185831
