[General]
Map=eur25nuts1
[Values]
AT=1.008335829
BE=0.999528587
CZ=0.996839702
DE=1.001160741
DK=1.001862049
ES=0.998487651
FL=1.001391292
FR=0.998022914
GR=0.996188104
HU=1.034391046
I=0.996403337
IRL=1.015703082
LU=0.999528587
NL=1.005268574
P=0.997447968
PL=1.008609295
SE=0.997130811
SK=0.998569429
SL=1.055011511
UK=1.0000875
