[General]
Map=eur25nuts1
[Values]
AT=1.054926872
BE=1.101441145
CZ=1.103022695
DE=1.121971965
DK=1.189336896
ES=1.222024322
FL=1.131879449
FR=1.22150135
GR=1.143787265
HU=1.168352008
I=1.052315712
IRL=1.133641481
LU=1.101441145
NL=1.047038674
P=1.078040004
PL=1.134154081
SE=1.150240541
SK=1.120770335
SL=1.179606795
UK=1.155411243
