[General]
Map=eur25nuts1
[Values]
AT=0.999138713
BE=1.004732609
CZ=1.007372618
DE=0.998030663
DK=0.998283327
ES=1.000226855
FL=0.990201473
FR=1.000421405
GR=0.996455431
HU=0.994762301
I=0.997733474
IRL=0.991121173
LU=1.004732609
NL=0.990950763
P=0.998252809
PL=1.000173926
SE=0.988938153
SK=0.984672666
SL=0.999846816
UK=0.996100962
