[General]
Map=eur25nuts1
[Values]
AT=1.025644422
BE=1.078570724
CZ=1.121805668
DE=1.064300656
DK=1.091310143
ES=1.048520923
FL=1.14473331
FR=0.986268401
GR=1.097339272
HU=1.095937729
I=1.022737503
IRL=1.012998462
LU=1.078570724
NL=1.059427142
P=0.823425114
PL=1.091682792
SE=1.103584528
SK=1.121727228
SL=1.440985203
UK=1.091132998
