[General]
Map=eur25nuts1
[Values]
AT=0.985667706
BE=0.999794424
CZ=1.032983661
DE=0.992941737
DK=0.98640579
ES=0.998507321
FL=0.977476895
FR=0.982466936
GR=0.987730026
HU=1.0032866
I=0.820870638
IRL=0.996361732
LU=0.999794424
NL=0.995199323
P=0.786218584
PL=0.999598503
SE=0.991251469
SK=1.03173697
SL=1.356301069
UK=0.996933043
