[General]
Map=eur25nuts1
[Values]
AT=0.954810143
BE=0.89354676
CZ=1.121617436
DE=0.938131452
DK=0.882101059
ES=0.981332481
FL=0.984704375
FR=0.962051332
GR=0.950002909
HU=1.470634341
I=0.955646992
IRL=0.92441082
LU=0.89354676
NL=0.851884246
P=0.987656355
PL=1.31163168
SE=0.9108935
SK=1.154269695
SL=1.145106077
UK=0.979656577
