[General]
Map=eur25nuts1
[Values]
AT=0.997373402
BE=0.966085315
CZ=1.270359635
DE=0.967727065
DK=1.083969831
ES=1.236472249
FL=1.108126521
FR=1.076845765
GR=1.080366373
HU=1.88745296
I=0.994320452
IRL=1.078358054
LU=0.966085315
NL=1.016022325
P=1.149442673
PL=1.54956615
SE=0.97121793
SK=1.345538616
SL=1.245521069
UK=1.095194101
