[General]
Map=eur25nuts1
[Values]
AT=0.999889016
BE=1.000004888
CZ=0.995104253
DE=1.000182509
DK=1.000235081
ES=0.999541879
FL=0.998074114
FR=1.000456214
GR=1.000305295
HU=0.99805069
I=1.00027287
IRL=0.999484539
LU=1.000004888
NL=0.998586297
P=0.993591368
PL=1.00053823
SE=0.999974549
SK=0.996674597
SL=0.998494387
UK=1.00033915
