[General]
Map=eur25nuts1
[Values]
AT=0.004554401
BE=0.003112348
CZ=0.010735095
DE=0.004617711
DK=0.004769887
ES=0.01152043
FL=0.006347187
FR=0.010210229
GR=0.03418272
HU=0.02047785
I=0.012433366
IRL=0.005341863
LU=0.003112348
NL=0.008749272
P=0.011172966
PL=0.018050738
SE=0.002239145
SK=0.007601302
SL=0.003965019
UK=0.002294999
