[General]
Map=eur25nuts1
[Values]
AT=0.031699773
BE=0.023671001
CZ=0.064827457
DE=0.033604149
DK=0.041648816
ES=0.044989761
FL=0.038414262
FR=0.038271334
GR=0.125254244
HU=0.05213638
I=0.034761939
IRL=0.035265002
LU=0.023671001
NL=0.029416246
P=0.037510034
PL=0.089678019
SE=0.020009736
SK=0.060558178
SL=0.053058688
UK=0.028326655
