[General]
Map=eur25nuts1
[Values]
AT=0.008779461
BE=0.006216921
CZ=0.015867494
DE=0.00475121
DK=0.015640527
ES=0.007885442
FL=0.007321524
FR=0.00767961
GR=0.010227697
HU=0.012110303
I=0.00636817
IRL=0.008559061
LU=0.006216921
NL=0.005478801
P=0.004259783
PL=0.017396946
SE=0.003421889
SK=0.012091968
SL=0.011052255
UK=0.006304441
