[General]
Map=eur25nuts1
[Values]
AT=0.018365912
BE=0.014341733
CZ=0.038224872
DE=0.024235226
DK=0.021238402
ES=0.025583886
FL=0.024745552
FR=0.020381495
GR=0.080843829
HU=0.019548221
I=0.015960407
IRL=0.021364078
LU=0.014341733
NL=0.015188173
P=0.022077283
PL=0.054230332
SE=0.0143487
SK=0.040864911
SL=0.038041417
UK=0.019727211
