[General]
Map=eur25nuts1
[Values]
AT=0.939646482
BE=0.887529433
CZ=0.944625676
DE=0.94151324
DK=1.233371973
ES=0.990071833
FL=0.914296031
FR=1.045858264
GR=0.952676535
HU=1.07190156
I=0.93341434
IRL=1.286582947
LU=0.887529433
NL=1.182060242
P=0.849894285
PL=0.969786763
SE=0.913995326
SK=0.920467257
SL=0.929427922
UK=0.930475175
