[General]
Map=eur25nuts1
[Values]
AT=1.008971691
BE=0.8216573
CZ=1.040036201
DE=1.007230401
DK=1.250290632
ES=0.884792447
FL=1.002170801
FR=1.087973475
GR=0.863203824
HU=1.138231993
I=0.865898907
IRL=1.202076077
LU=0.8216573
NL=0.976578236
P=0.795870245
PL=1.029426098
SE=1.002434969
SK=0.975762844
SL=1.047620893
UK=0.924257517
