[General]
Map=eur25nuts1
[Values]
AT=0.994468212
BE=1.017050624
CZ=0.997997284
DE=1.015557647
DK=1.026421905
ES=0.985736847
FL=1.049716234
FR=1.018143415
GR=0.913428724
HU=1.008744836
I=1.030345321
IRL=1.314018607
LU=1.017050624
NL=0.939169943
P=0.938014746
PL=0.953462243
SE=1.025520563
SK=0.962290168
SL=0.978647292
UK=0.978684068
