[General]
Map=eur25nuts1
[Values]
AT=0.918427885
BE=0.909140468
CZ=0.896027744
DE=0.920760453
DK=1.228187561
ES=1.023188114
FL=0.864881217
FR=1.027595758
GR=0.976124108
HU=1.037802696
I=0.960134089
IRL=1.348739028
LU=0.909140468
NL=1.262199759
P=0.86708045
PL=0.944982946
SE=0.886265039
SK=0.89238441
SL=0.881612659
UK=0.932882071
