[General]
Map=eur25nuts1
[Values]
AT=0.993674397
BE=0.982723534
CZ=0.986484766
DE=0.988088131
DK=0.985060573
ES=0.99066174
FL=0.990378201
FR=0.980380535
GR=1.003541946
HU=1.142173648
IRL=0.992614985
I=0.980241835
LU=0.982723534
NL=0.990839243
P=0.99076736
PL=0.999653339
SE=0.986884952
SK=0.979894221
SL=1.092949748
UK=0.987722754
