[General]
Map=eur25nuts1
[Values]
AT=1.240433693
BE=1.216835141
CZ=1.385107994
DE=1.242842793
DK=1.434316635
ES=1.396781325
FL=1.262602806
FR=1.337990403
GR=1.315013409
HU=1.988538742
I=1.139402151
IRL=1.407805324
LU=1.216835141
NL=1.224826455
P=1.327554941
PL=1.480600595
SE=1.239356995
SK=1.509845614
SL=1.518302441
UK=1.284606218
