[General]
Map=eur25nuts1
[Values]
AT=0.998584092
BE=0.994893909
CZ=0.993771851
DE=1.000831842
DK=0.999020576
ES=1.003377676
FL=1.002274871
FR=1.006476402
GR=1.002265334
HU=0.98062396
I=1.004871964
IRL=1.008115768
LU=0.994893909
NL=1.00950253
P=1.010463595
PL=0.992000818
SE=0.999739707
SK=0.998702407
SL=0.996499062
UK=1.001488328
