[General]
Map=eur25nuts1
[Values]
AT=1.004656792
BE=0.998635054
CZ=1.003912926
DE=1.00018394
DK=0.999347508
ES=1.004466653
FL=1.005795956
FR=1.002713442
GR=1.002085209
HU=1.034654856
I=1.000501037
IRL=1.029172182
LU=0.998635054
NL=1.010056853
P=1.006732225
PL=1.011779904
SE=1.00305295
SK=1.006050944
SL=1.00241363
UK=1.001803637
