[General]
Map=eur25nuts1
[Values]
AT=0.999863505
BE=0.999858797
CZ=1.002221465
DE=0.999919415
DK=1.000001788
ES=0.999985158
FL=0.999833822
FR=0.999983966
GR=0.999676049
HU=1.002847791
I=0.999923468
IRL=1.000127673
LU=0.999858797
NL=0.999627411
P=0.999873936
PL=0.998246014
SE=0.999831975
SK=1.001136303
SL=1.004891634
UK=0.999969184
