[General]
Map=eur25nuts1
[Values]
AT=1.029210091
BE=1.052762628
CZ=1.084750295
DE=1.020627975
DK=1.108294129
ES=1.122191548
FL=1.070072174
FR=1.066745639
GR=1.048356891
HU=1.226078987
I=0.996603012
IRL=1.05433476
LU=1.052762628
NL=1.017347455
P=1.065279007
PL=1.151709676
SE=1.030239463
SK=1.112929583
SL=1.08418417
UK=1.049905658
