[General]
Map=eur25nuts1
[Values]
AT=0.984907746
BE=0.989014328
CZ=1.032772064
DE=0.988295853
DK=0.99305588
ES=0.996067524
FL=0.999602854
FR=0.994625688
GR=0.990846097
HU=1.127621651
I=0.982888997
IRL=0.972555161
LU=0.989014328
NL=0.972393274
P=0.996642411
PL=1.065793633
SE=0.98074156
SK=1.02665484
SL=1.076187968
UK=0.993586838
