[General]
Map=eur25nuts1
[Values]
AT=0.994831622
BE=0.997398853
CZ=1.00931704
DE=1.004630446
DK=0.985462308
ES=1.008921742
FL=1.005485654
FR=1.00486505
GR=1.025558591
HU=1.039896727
I=0.998984575
IRL=1.063486338
LU=0.997398853
NL=1.01973176
P=1.021134973
PL=1.024831653
SE=0.995336711
SK=1.008114815
SL=1.007275462
UK=1.004458785
