[General]
Map=eur25nuts1
[Values]
AT=1.047392845
BE=1.010204077
CZ=1.043040037
DE=1.062151551
DK=1.09517622
ES=1.070799947
FL=1.073469877
FR=1.099423528
GR=1.066851735
HU=1.068434
I=1.020115972
IRL=1.111187339
LU=1.010204077
NL=1.060617805
P=1.089022994
PL=1.07251513
SE=1.082245469
SK=1.046244621
SL=1.0770787
UK=1.073322892
