[General]
Map=eur25nuts1
[Values]
AT=1.002931952
BE=1.000261307
CZ=0.997243464
DE=1.000314116
DK=1.00216496
ES=0.999136567
FL=1.000832438
FR=0.998704731
GR=0.99848336
HU=1.035928726
I=0.998824477
IRL=1.008409262
LU=1.000261307
NL=1.004510999
P=0.99731493
PL=1.007815003
SE=0.997706175
SK=0.997451305
SL=1.058214903
UK=0.999580622
