[General]
Map=eur25nuts1
[Values]
AT=1.115808845
BE=1.050147176
CZ=1.0897609
DE=1.107666135
DK=1.07786715
ES=1.160251021
FL=1.089775562
FR=1.136412621
GR=1.120194197
HU=1.017063856
I=1.078381538
IRL=1.206159115
LU=1.050147176
NL=1.145278692
P=1.11723125
PL=1.10635519
SE=1.108077884
SK=1.140046597
SL=1.154224873
UK=1.10896349
