[General]
Map=eur25nuts1
[Values]
AT=1.009769678
BE=1.00470829
CZ=0.978111446
DE=1.003708482
DK=1.007786751
ES=1.00043118
FL=1.00153935
FR=1.000105977
GR=0.999325037
HU=0.970908046
I=1.004548311
IRL=1.02715683
LU=1.00470829
NL=1.018518329
P=0.99703598
PL=0.979886949
SE=1.003799915
SK=0.983292758
SL=1.056278229
UK=1.001638293
