[General]
Map=eur25nuts1
[Values]
AT=1.00026083
BE=1.000282049
CZ=1.000119448
DE=1.000082254
DK=1.000222921
ES=1.00047636
FL=1.0003618
FR=1.000163794
GR=0.999949396
HU=1.000724196
I=0.999967694
IRL=1.001341224
LU=1.000282049
NL=1.000309348
P=1.00061512
PL=1.000598669
SE=1.000179887
SK=1.000410914
SL=1.000061393
UK=1.000174642
