[General]
Map=eur25nuts1
[Values]
AT=1.140741706
BE=1.11263454
CZ=1.15209794
DE=1.11889565
DK=1.142052293
ES=1.191134453
FL=1.146529436
FR=1.146536112
GR=1.147362947
HU=1.133985281
I=1.095079541
IRL=1.21258688
LU=1.11263454
NL=1.135005116
P=1.120253682
PL=1.176558137
SE=1.128368855
SK=1.21135807
SL=1.11214292
UK=1.138538361
