[General]
Map=eur25nuts1
[Values]
AT=1.000003815
BE=0.99881959
CZ=1.009372234
DE=1.00092566
DK=1.000789165
ES=0.999727249
FL=0.998987317
FR=1.000518322
GR=1.005262256
HU=1.008776903
I=0.999492168
IRL=0.996641994
LU=0.99881959
NL=1.000872493
P=1.000005245
PL=0.996276796
SE=0.998766601
SK=1.004945159
SL=1.025794864
UK=0.999549627
