[General]
Map=eur25nuts1
[Values]
AT=1.08866775
BE=1.046610951
CZ=1.082814693
DE=1.08555007
DK=1.089720726
ES=1.136310458
FL=1.083441973
FR=1.111675739
GR=1.098294258
HU=1.103966475
I=1.049876928
IRL=1.153407693
LU=1.046610951
NL=1.100764871
P=1.098618627
PL=1.116133332
SE=1.086927056
SK=1.122877955
SL=1.129350662
UK=1.092808604
