[General]
Map=eur25nuts1
[Values]
AT=1.002381444
BE=1.004836202
CZ=1.008369803
DE=0.999375343
DK=0.998822391
ES=1.000257611
FL=0.996824026
FR=1.000722051
GR=0.997063398
HU=0.99325937
I=0.99780947
IRL=0.99513495
LU=1.004836202
NL=0.994013309
P=0.999231875
PL=1.002508521
SE=0.993821383
SK=0.984957874
SL=0.999863863
UK=0.99751693
