[General]
Map=eur25nuts1
[Values]
AT=1.01522243
BE=1.034805298
CZ=1.08871305
DE=1.032936931
DK=1.040547967
ES=1.024181724
FL=1.073608041
FR=1.001216292
GR=1.049505949
HU=1.047458649
I=1.02082479
IRL=1.005060673
LU=1.034805298
NL=1.02676487
P=0.985803545
PL=1.042765141
SE=1.043325901
SK=1.100599289
SL=1.519849658
UK=1.041539669
