[General]
Map=eur25nuts1
[Values]
AT=0.986208737
BE=1.009994268
CZ=1.072871566
DE=1.042434454
DK=1.096747279
ES=1.114883542
FL=1.046195865
FR=1.099227428
GR=1.08184576
HU=1.11541605
I=1.004756927
IRL=1.06895709
LU=1.009994268
NL=0.951011419
P=0.984112978
PL=1.099493742
SE=1.03327632
SK=1.073969603
SL=1.113337159
UK=1.0588485
