[General]
Map=eur25nuts1
[Values]
AT=0.996479094
BE=0.999870837
CZ=1.051018953
DE=0.999687076
DK=0.993414462
ES=0.999634981
FL=0.993183792
FR=0.996059835
GR=0.997426927
HU=1.005328655
I=0.999124944
IRL=0.996184051
LU=0.999870837
NL=0.997428119
P=0.962488592
PL=1.000107408
SE=0.994323969
SK=1.061475515
SL=1.472257376
UK=0.999295592
