[General]
Map=eur25nuts1
[Values]
AT=0.960134745
BE=0.92716682
CZ=1.132936835
DE=0.952066958
DK=0.900995731
ES=0.984177232
FL=0.987878382
FR=0.970397353
GR=0.983431637
HU=1.499387503
I=0.960342169
IRL=0.943940282
LU=0.92716682
NL=0.876140416
P=0.990091681
PL=1.326351047
SE=0.915880263
SK=1.157348633
SL=1.149385452
UK=0.981511354
