[General]
Map=eur25nuts1
[Values]
AT=1.008223891
BE=0.96303004
CZ=1.037468195
DE=0.972681403
DK=0.942240715
ES=0.952874601
FL=1.008426905
FR=0.955509126
GR=0.95830971
HU=1.208261371
I=0.985796809
IRL=1.047646523
LU=0.96303004
NL=1.026963115
P=0.972253025
PL=1.127896667
SE=0.99037981
SK=1.037619352
SL=1.02025342
UK=0.984982789
