[General]
Map=eur25nuts1
[Values]
AT=0.980448365
BE=0.930816948
CZ=1.224869251
DE=0.946077228
DK=0.968757629
ES=1.079960823
FL=1.050159335
FR=1.006369352
GR=1.031916618
HU=1.827343464
I=0.975731492
IRL=1.00261879
LU=0.930816948
NL=0.960735083
P=1.049164653
PL=1.518650293
SE=0.934282184
SK=1.277834654
SL=1.222433567
UK=1.02154839
