[General]
Map=eur25nuts1
[Values]
AT=0.010970986
BE=0.00801934
CZ=0.019260963
DE=0.005774533
DK=0.019298762
ES=0.009705681
FL=0.009249147
FR=0.009765218
GR=0.0132112
HU=0.01433023
I=0.007612167
IRL=0.010782963
LU=0.00801934
NL=0.007169374
P=0.005640398
PL=0.021142419
SE=0.004612665
SK=0.013761117
SL=0.013822049
UK=0.00801596
