[General]
Map=eur25nuts1
[Values]
AT=0.02163244
BE=0.017915851
CZ=0.046510063
DE=0.029207759
DK=0.026283793
ES=0.031343892
FL=0.030552082
FR=0.025233302
GR=0.096110515
HU=0.024169799
I=0.018624468
IRL=0.024962841
LU=0.017915851
NL=0.019276353
P=0.028854445
PL=0.063179068
SE=0.018960971
SK=0.050781973
SL=0.043136328
UK=0.0242962
