[General]
Map=eur25nuts1
[Values]
AT=0.00519183
BE=0.003773728
CZ=0.012810275
DE=0.005237412
DK=0.005552568
ES=0.014236389
FL=0.007386111
FR=0.01182424
GR=0.039376624
HU=0.025312396
I=0.014536366
IRL=0.006406665
LU=0.003773728
NL=0.011155045
P=0.012421901
PL=0.023120798
SE=0.002556804
SK=0.009256612
SL=0.004002907
UK=0.002669783
