[General]
Map=eur25nuts1
[Values]
AT=0.037795257
BE=0.029708918
CZ=0.078581303
DE=0.040219706
DK=0.051135127
ES=0.055285964
FL=0.04718734
FR=0.046822757
GR=0.148698345
HU=0.063812427
I=0.040773001
IRL=0.042152468
LU=0.029708918
NL=0.037600771
P=0.046916746
PL=0.107442282
SE=0.02613044
SK=0.0737997
SL=0.060961284
UK=0.034981944
