[General]
Map=eur25nuts1
[Values]
AT=0.905384541
BE=0.918011546
CZ=0.895485997
DE=0.910766363
DK=1.213351846
ES=1.019376755
FL=0.845388412
FR=1.014639735
GR=0.984767675
HU=1.044745922
I=0.955197692
IRL=1.327489257
LU=0.918011546
NL=1.264763236
P=0.870063305
PL=0.947928786
SE=0.871323884
SK=0.889808834
SL=0.888364792
UK=0.926337659
