[General]
Map=eur25nuts1
[Values]
AT=0.93115741
BE=0.892648518
CZ=0.951407313
DE=0.93433255
DK=1.220227838
ES=0.98710537
FL=0.90403384
FR=1.042702317
GR=0.959490299
HU=1.083478093
I=0.928122878
IRL=1.283803225
LU=0.892648518
NL=1.184154034
P=0.850691557
PL=0.981233954
SE=0.900373757
SK=0.928816676
SL=0.943109393
UK=0.92519325
