[General]
Map=eur25nuts1
[Values]
AT=1.011161208
BE=0.817483187
CZ=1.063882351
DE=1.008794785
DK=1.242975235
ES=0.882549226
FL=1.010101438
FR=1.110934258
GR=0.867322087
HU=1.164275527
I=0.860495687
IRL=1.225695968
LU=0.817483187
NL=0.975712538
P=0.784024477
PL=1.066070676
SE=0.991125286
SK=1.019729257
SL=1.088913083
UK=0.922156096
