[General]
Map=eur25nuts1
[Values]
AT=0.994557381
BE=1.016794324
CZ=0.993375778
DE=1.015936852
DK=1.029115677
ES=0.985639513
FL=1.048943043
FR=1.016187429
GR=0.92441982
HU=1.006421208
I=1.026683688
IRL=1.284233689
LU=1.016794324
NL=0.944595635
P=0.943292797
PL=0.961412966
SE=1.033872247
SK=0.960118055
SL=0.98354876
UK=0.984466016
