[General]
Map=eur25nuts1
[Values]
AT=0.961594462
BE=0.981028914
CZ=1.019767642
DE=0.987425685
DK=0.981462181
ES=0.993890882
FL=0.96112287
FR=0.987715781
GR=1.010606647
HU=1.552859545
IRL=0.993625641
I=1.030026436
LU=0.981028914
NL=0.991849303
P=0.959844887
PL=1.046673656
SE=0.95465982
SK=1.018650413
SL=1.0335747
UK=0.994600177
