[General]
Map=eur25nuts1
[Values]
AT=0.992988229
BE=0.988572359
CZ=0.987203658
DE=0.991932929
DK=0.987429738
ES=0.99320519
FL=0.99529922
FR=0.985463917
GR=1.002079725
HU=1.145875931
IRL=0.994023681
I=0.9819718
LU=0.988572359
NL=0.991168082
P=0.992103577
PL=1.000899076
SE=0.990137994
SK=0.976269543
SL=1.094804645
UK=0.991147697
