[General]
Map=eur25nuts1
[Values]
AT=1.069483876
BE=1.072971225
CZ=1.185156107
DE=1.095340014
DK=1.162318587
ES=1.145860434
FL=1.073140383
FR=1.145070195
GR=1.13205111
HU=1.79856658
I=1.050729871
IRL=1.172993541
LU=1.072971225
NL=1.094400764
P=1.085590601
PL=1.240751386
SE=1.070119858
SK=1.221408248
SL=1.301946282
UK=1.108175278
