[General]
Map=eur25nuts1
[Values]
AT=1.0257231
BE=0.841177344
CZ=1.044343948
DE=1.023268938
DK=1.247379422
ES=0.909669399
FL=1.018622637
FR=1.137029648
GR=0.884236634
HU=1.096827865
I=0.874191463
IRL=1.263641715
LU=0.841177344
NL=0.999918878
P=0.798854232
PL=1.026112676
SE=0.993226409
SK=1.004891872
SL=0.983844936
UK=0.933290422
