[General]
Map=eur25nuts1
[Values]
AT=0.998938262
BE=0.99548316
CZ=0.993745208
DE=1.000924945
DK=0.999903798
ES=1.003326654
FL=1.002115965
FR=1.006698966
GR=1.001912951
HU=0.979838848
I=1.004876018
IRL=1.007409811
LU=0.99548316
NL=1.009643435
P=1.010436654
PL=0.991761386
SE=0.999854922
SK=0.998828769
SL=0.996348262
UK=1.001823187
