[General]
Map=eur25nuts1
[Values]
AT=1.006209373
BE=1.004329324
CZ=0.977098167
DE=1.002666712
DK=1.004129052
ES=1.000616074
FL=0.999101818
FR=1.003755331
GR=0.999706328
HU=0.970897794
I=1.001998663
IRL=0.999687731
LU=1.004329324
NL=1.000083923
P=1.001523614
PL=0.977935135
SE=1.000064373
SK=0.983663917
SL=1.03706634
UK=0.996825337
