[General]
Map=eur25nuts1
[Values]
AT=1.04482317
BE=1.007996678
CZ=1.058114648
DE=1.034171343
DK=1.045291066
ES=1.064441323
FL=1.040622354
FR=1.062178731
GR=1.057455778
HU=1.096426249
I=1.002422094
IRL=1.097871304
LU=1.007996678
NL=1.051644325
P=1.059047341
PL=1.091946363
SE=1.045939922
SK=1.097548127
SL=1.090873957
UK=1.049845338
