[General]
Map=eur25nuts1
[Values]
AT=0.991536021
BE=0.987478256
CZ=1.040718317
DE=0.990172088
DK=0.993279159
ES=0.994782627
FL=1.001067877
FR=0.981778085
GR=0.994068623
HU=1.13993752
I=0.984861732
IRL=0.988112271
LU=0.987478256
NL=0.990907729
P=0.997493625
PL=1.080594063
SE=0.984183609
SK=1.034784913
SL=1.08039391
UK=0.999235511
