[General]
Map=eur25nuts1
[Values]
AT=1.001566291
BE=0.999261081
CZ=0.998453379
DE=0.999518096
DK=0.999732196
ES=0.998597562
FL=0.999537766
FR=0.996243119
GR=0.999366939
HU=1.039324403
I=0.997505724
IRL=0.995890796
LU=0.999261081
NL=0.99793303
P=1.00002563
PL=1.01061511
SE=0.995263696
SK=0.999446154
SL=1.045859694
UK=0.997429848
