[General]
Map=eur25nuts1
[Values]
AT=0.995402575
BE=0.996468782
CZ=1.010243297
DE=1.005517364
DK=0.984075069
ES=1.009548306
FL=1.006796956
FR=1.005707622
GR=1.028326869
HU=1.042327642
I=0.998368323
IRL=1.066703081
LU=0.996468782
NL=1.021822333
P=1.022673845
PL=1.026303649
SE=0.997832417
SK=1.008638859
SL=1.0074296
UK=1.006310463
