[General]
Map=eur25nuts1
[Values]
AT=0.995536327
BE=0.997105181
CZ=1.009658337
DE=0.997875631
DK=0.996539176
ES=0.997953951
FL=0.998173535
FR=0.9956249
GR=1.005522013
HU=1.005291939
I=0.998856843
IRL=1.000719905
LU=0.997105181
NL=1.001509547
P=0.99892211
PL=0.996067345
SE=0.98984462
SK=1.003651977
SL=1.024750829
UK=0.996747434
