[General]
Map=eur25nuts1
[Values]
AT=1.061957002
BE=1.006856203
CZ=1.049581528
DE=1.0476439
DK=1.027668834
ES=1.078641295
FL=1.036052942
FR=1.084534168
GR=1.072368383
HU=0.983519852
I=1.020725727
IRL=1.12099874
LU=1.006856203
NL=1.075198293
P=1.071721911
PL=1.061982989
SE=1.058252931
SK=1.099401236
SL=1.090919852
UK=1.05828464
