[General]
Map=eur25nuts1
[Values]
AT=1.012160778
BE=1.018775702
CZ=1.083720446
DE=0.993146777
DK=1.069009304
ES=1.058704376
FL=1.048339128
FR=1.019244671
GR=1.024306417
HU=1.249105334
I=0.970608592
IRL=1.055304408
LU=1.018775702
NL=1.005291224
P=1.033790588
PL=1.160610557
SE=1.013694406
SK=1.112294793
SL=1.09823072
UK=1.027383566
