[General]
Map=eur25nuts1
[Values]
AT=0.999905646
BE=0.999890566
CZ=1.00180459
DE=0.999978125
DK=1.000023127
ES=0.999952257
FL=1.00005281
FR=1.000090241
GR=0.999788582
HU=1.002926707
I=0.999885201
IRL=1.000094891
LU=0.999890566
NL=0.999944746
P=1.000026464
PL=0.998210192
SE=0.999833763
SK=1.001070023
SL=1.003451467
UK=1.000000358
