[General]
Map=eur25nuts1
[Values]
AT=1.023915768
BE=1.007336617
CZ=1.026073217
DE=0.995589733
DK=1.00083673
ES=1.003796697
FL=1.01430583
FR=0.993182719
GR=0.984149218
HU=1.104160786
I=0.989943564
IRL=1.061231017
LU=1.007336617
NL=1.004391909
P=0.992350876
PL=1.04987061
SE=1.013055682
SK=1.02387619
SL=1.019213557
UK=1.00159061
