[General]
Map=eur25nuts1
[Values]
AT=1.010718226
BE=0.987329781
CZ=1.042347908
DE=1.029541969
DK=1.067260981
ES=1.020907879
FL=1.052444935
FR=1.0601331
GR=1.036026478
HU=1.062848091
I=0.981816828
IRL=1.099924922
LU=0.987329781
NL=1.039426565
P=1.058110952
PL=1.067224145
SE=1.048150659
SK=1.047999382
SL=1.073723435
UK=1.045311332
