[General]
Map=eur25nuts1
[Values]
AT=1.000280142
BE=1.000270963
CZ=1.000161052
DE=1.000082016
DK=1.000188947
ES=1.000486255
FL=1.000377417
FR=1.000168562
GR=0.999882519
HU=1.001065373
I=0.999967813
IRL=1.00147295
LU=1.000270963
NL=1.000335217
P=1.000625491
PL=1.000775099
SE=1.000194669
SK=1.000458598
SL=1.000084281
UK=1.000180364
