[General]
Map=eur25nuts1
[Values]
AT=1.004852295
BE=0.998641849
CZ=1.004591107
DE=1.000199437
DK=0.998939812
ES=1.004391193
FL=1.005686522
FR=1.002699733
GR=1.001975298
HU=1.038102984
I=1.00030601
IRL=1.028820992
LU=0.998641849
NL=1.010159016
P=1.006846666
PL=1.013116956
SE=1.003190279
SK=1.006563187
SL=1.002767444
UK=1.001985669
