[General]
Map=eur25nuts1
[Values]
AT=1.062734365
BE=1.036436915
CZ=1.086608887
DE=1.035535574
DK=1.068888664
ES=1.085291028
FL=1.070855021
FR=1.063417077
GR=1.075106382
HU=1.066694617
I=1.018507481
IRL=1.132762074
LU=1.036436915
NL=1.062813044
P=1.052412152
PL=1.112492919
SE=1.056666255
SK=1.144079089
SL=1.056484103
UK=1.064678788
