[General]
Map=eur25nuts1
[Values]
AT=0.999397695
BE=0.99431783
CZ=1.011909723
DE=0.992339432
DK=0.996172488
ES=0.995760441
FL=0.991748929
FR=0.99483192
GR=0.994077504
HU=0.989242435
I=0.997312605
IRL=0.995761335
LU=0.99431783
NL=0.996317387
P=0.996750236
PL=1.007745147
SE=0.983446717
SK=0.987134397
SL=1.00109303
UK=0.996199787
