[General]
Map=eur25nuts1
[Values]
AT=1.004916906
BE=1.000110745
CZ=0.994580507
DE=1.000160336
DK=1.007965565
ES=0.999513268
FL=0.997517824
FR=1.009175301
GR=1.000349164
HU=0.997979581
I=1.005300403
IRL=0.999521673
LU=1.000110745
NL=1.028365493
P=0.984687865
PL=1.000564456
SE=1.002840281
SK=0.99619925
SL=0.996906698
UK=1.011177182
