[General]
Map=eur25nuts1
[Values]
AT=1.007616043
BE=0.961737037
CZ=1.040450573
DE=0.971699238
DK=0.939479649
ES=0.952774048
FL=1.008260489
FR=0.955582976
GR=0.957237601
HU=1.216492534
I=0.985421777
IRL=1.048005462
LU=0.961737037
NL=1.026717424
P=0.971580386
PL=1.133528709
SE=0.98943305
SK=1.039744258
SL=1.021919489
UK=0.984611571
