[General]
Map=eur25nuts1
[Values]
AT=0.976506114
BE=0.963067949
CZ=1.156480312
DE=0.967950225
DK=0.958218873
ES=0.990767181
FL=0.994385123
FR=0.953722715
GR=0.98930645
HU=1.551145434
I=0.964070141
IRL=0.981447935
LU=0.963067949
NL=0.957969308
P=0.995646656
PL=1.357720852
SE=0.929343343
SK=1.180233002
SL=1.172460437
UK=0.999345541
