[General]
Map=eur25nuts1
[Values]
AT=0.947041452
BE=0.970858872
CZ=1.064509869
DE=0.999767244
DK=1.06792438
ES=1.066864252
FL=1.013735771
FR=1.047899246
GR=1.065304875
HU=1.110503674
I=0.972180724
IRL=1.058277726
LU=0.970858872
NL=0.904047787
P=0.955782831
PL=1.091473579
SE=0.986570358
SK=1.069422722
SL=1.107238054
UK=1.022633791
