[General]
Map=eur25nuts1
[Values]
AT=0.973986924
BE=0.937119305
CZ=1.229192495
DE=0.929372191
DK=0.964643896
ES=1.016387343
FL=1.02865541
FR=0.959306777
GR=1.003441572
HU=1.866344333
I=0.947984636
IRL=1.023337364
LU=0.937119305
NL=0.993230164
P=1.017399669
PL=1.531974673
SE=0.927074611
SK=1.282903433
SL=1.232734799
UK=1.010201097
