[General]
Map=eur25nuts1
[Values]
AT=0.959376156
BE=1.028524518
CZ=1.063278913
DE=1.017350674
DK=0.835276127
ES=1.027353287
FL=1.020104289
FR=0.952685535
GR=1.03514719
HU=1.03474772
I=0.959128141
IRL=1.016728163
LU=1.028524518
NL=1.010314941
P=0.680868387
PL=1.031926632
SE=0.945773005
SK=1.075675845
SL=1.392898917
UK=1.021259069
