[General]
Map=eur25nuts1
[Values]
AT=0.949722886
BE=0.957873166
CZ=1.016470551
DE=0.990152776
DK=0.994843245
ES=0.999785364
FL=0.98093611
FR=0.994434774
GR=0.991809309
HU=1.086512685
I=0.973841548
IRL=1.038404822
LU=0.957873166
NL=0.939979434
P=0.900734842
PL=1.042617321
SE=0.95904696
SK=1.018576145
SL=1.028752089
UK=1.007456183
