[General]
Map=eur25nuts1
[Values]
AT=0.847206473
BE=0.998018324
CZ=1.043299794
DE=0.997324228
DK=0.79126358
ES=0.998271286
FL=0.984752595
FR=0.863276958
GR=0.995489538
HU=1.004383922
I=0.960968614
IRL=0.997923911
LU=0.998018324
NL=0.823116362
P=0.815802813
PL=0.999762058
SE=0.864181399
SK=1.055775642
SL=1.399398208
UK=0.939517736
