[General]
Map=eur25nuts1
[Values]
AT=0.023370694
BE=0.019489542
CZ=0.050978687
DE=0.032275543
DK=0.028378407
ES=0.034022477
FL=0.032711904
FR=0.027676506
GR=0.102056354
HU=0.026803596
I=0.020026319
IRL=0.025830431
LU=0.019489542
NL=0.020447599
P=0.03187285
PL=0.067374013
SE=0.020798473
SK=0.055039171
SL=0.04529966
UK=0.026629502
