[General]
Map=eur25nuts1
[Values]
AT=0.040954769
BE=0.032556798
CZ=0.085663527
DE=0.044337999
DK=0.05491538
ES=0.059891343
FL=0.050818764
FR=0.050993513
GR=0.157555223
HU=0.06951154
I=0.043970004
IRL=0.044806905
LU=0.032556798
NL=0.040341217
P=0.051119406
PL=0.115047492
SE=0.028682785
SK=0.079880603
SL=0.064415246
UK=0.038469896
