[General]
Map=eur25nuts1
[Values]
AT=0.01218876
BE=0.008934814
CZ=0.021042597
DE=0.006510081
DK=0.020865608
ES=0.010623387
FL=0.010281249
FR=0.010737711
GR=0.014571729
HU=0.015813155
I=0.008405041
IRL=0.012115364
LU=0.008934814
NL=0.007979174
P=0.006323402
PL=0.023041448
SE=0.005201572
SK=0.014859464
SL=0.015018879
UK=0.009004586
