[General]
Map=eur25nuts1
[Values]
AT=0.005395314
BE=0.004132444
CZ=0.013642245
DE=0.005552372
DK=0.005671368
ES=0.015245483
FL=0.007825609
FR=0.012579295
GR=0.040927146
HU=0.026894785
I=0.015538643
IRL=0.006861108
LU=0.004132444
NL=0.011914444
P=0.012923152
PL=0.024632039
SE=0.002682741
SK=0.009981968
SL=0.004096704
UK=0.002835807
