[General]
Map=eur25nuts1
[Values]
AT=1.023393273
BE=0.843864858
CZ=1.081901908
DE=1.025969982
DK=1.244847894
ES=0.896870375
FL=1.017179132
FR=1.118568182
GR=0.875049353
HU=1.197528124
I=0.871452451
IRL=1.24425745
LU=0.843864858
NL=1.018627167
P=0.797780156
PL=1.083210826
SE=0.99233979
SK=1.034865618
SL=1.082544923
UK=0.936465979
