[General]
Map=eur25nuts1
[Values]
AT=0.901889026
BE=0.914534926
CZ=0.901168346
DE=0.90582943
DK=1.209492683
ES=1.015627027
FL=0.843569219
FR=1.005408287
GR=0.986482382
HU=1.051076889
I=0.94976145
IRL=1.297425032
LU=0.914534926
NL=1.248830914
P=0.871963918
PL=0.951872766
SE=0.86777091
SK=0.895080566
SL=0.896961212
UK=0.921310127
