[General]
Map=eur25nuts1
[Values]
AT=0.994386852
BE=1.015782833
CZ=0.992367744
DE=1.0157336
DK=1.029488683
ES=0.985549748
FL=1.04884851
FR=1.016668081
GR=0.925979793
HU=1.006469727
I=1.026495218
IRL=1.278837323
LU=1.015782833
NL=0.945340395
P=0.944166601
PL=0.963371396
SE=1.035638571
SK=0.960381508
SL=0.98496139
UK=0.985890627
