[General]
Map=eur25nuts1
[Values]
AT=0.933400631
BE=0.895693243
CZ=0.957529604
DE=0.936909616
DK=1.218454838
ES=0.986907721
FL=0.908700168
FR=1.041030049
GR=0.961712241
HU=1.095670462
I=0.926616192
IRL=1.272745252
LU=0.895693243
NL=1.179416299
P=0.855250478
PL=0.986185193
SE=0.900242329
SK=0.934507072
SL=0.942677379
UK=0.925644457
