[General]
Map=eur25nuts1
[Values]
AT=1.001334429
BE=1.006863952
CZ=0.995058239
DE=1.008471131
DK=1.002048492
ES=1.001934886
FL=1.00197494
FR=1.012793422
GR=1.00386858
HU=1.147296429
IRL=0.999240041
I=1.008224964
LU=1.006863952
NL=1.013728499
P=1.00267148
PL=1.007269621
SE=0.99818933
SK=0.982482731
SL=1.093499422
UK=1.00586915
