[General]
Map=eur25nuts1
[Values]
AT=0.965562344
BE=0.981874943
CZ=1.019580364
DE=0.988502562
DK=0.983972251
ES=0.994572639
FL=0.965230405
FR=0.989170074
GR=1.009459019
HU=1.52840364
IRL=0.993233144
I=1.029522896
LU=0.981874943
NL=0.988696516
P=0.956915498
PL=1.044409871
SE=0.959432662
SK=1.017367005
SL=1.031278014
UK=0.995654225
