[General]
Map=eur25nuts1
[Values]
AT=1.01861608
BE=1.037972689
CZ=1.132882118
DE=1.043758154
DK=1.09017837
ES=1.061140656
FL=1.020189047
FR=1.096105576
GR=1.068704486
HU=1.707503319
I=0.998330951
IRL=1.139156818
LU=1.037972689
NL=1.059850574
P=1.024743915
PL=1.177669764
SE=1.025984406
SK=1.166382074
SL=1.22076118
UK=1.064524889
