[General]
Map=eur25nuts1
[Values]
AT=0.046225768
BE=0.039110754
CZ=0.098010704
DE=0.048296567
DK=0.065785214
ES=0.070096746
FL=0.061382268
FR=0.054818392
GR=0.178888083
HU=0.071156405
I=0.048959211
IRL=0.052293744
LU=0.039110754
NL=0.048791077
P=0.060104072
PL=0.127475008
SE=0.034038559
SK=0.093468688
SL=0.064785659
UK=0.043503392
