[General]
Map=eur25nuts1
[Values]
AT=0.014874153
BE=0.011398697
CZ=0.026166722
DE=0.007690939
DK=0.02541763
ES=0.012639674
FL=0.01317523
FR=0.012507477
GR=0.015609274
HU=0.016043575
I=0.009534414
IRL=0.016467055
LU=0.011398697
NL=0.0109361
P=0.007910749
PL=0.026805226
SE=0.00712956
SK=0.019446455
SL=0.016013214
UK=0.010774343
