[General]
Map=eur25nuts1
[Values]
AT=0.925785482
BE=0.909726083
CZ=0.949890137
DE=0.931765556
DK=1.220286369
ES=0.990714014
FL=0.906640112
FR=1.025960326
GR=0.968838215
HU=1.060063362
I=0.927206993
IRL=1.262565255
LU=0.909726083
NL=1.175795913
P=0.852115095
PL=0.968305945
SE=0.888236403
SK=0.927206576
SL=0.920605719
UK=0.924432099
