[General]
Map=eur25nuts1
[Values]
AT=1.000260353
BE=1.000432611
CZ=1.000069141
DE=1.000083566
DK=1.000231147
ES=1.000432014
FL=1.000383615
FR=1.000145674
GR=0.999920487
HU=1.000255227
I=0.999973536
IRL=1.001400352
LU=1.000432611
NL=1.000086069
P=1.000539541
PL=1.00050199
SE=1.000173569
SK=1.000223637
SL=1.000058413
UK=1.000171423
