[General]
Map=eur25nuts1
[Values]
AT=1.00746429
BE=0.990102828
CZ=0.979250133
DE=1.002554893
DK=0.997360885
ES=0.999539673
FL=0.995121956
FR=0.994111538
GR=0.998715222
HU=0.971736908
I=0.995722711
IRL=1.049880981
LU=0.990102828
NL=1.016949058
P=0.996833503
PL=0.97853291
SE=0.9913764
SK=0.98361057
SL=1.047786593
UK=0.999765754
