[General]
Map=eur25nuts1
[Values]
AT=1.017039895
BE=1.023929596
CZ=1.092082381
DE=0.996647418
DK=1.090601325
ES=1.076856613
FL=1.069987416
FR=1.043071032
GR=1.024838209
HU=1.195384145
I=0.983837962
IRL=1.054065824
LU=1.023929596
NL=0.916797042
P=1.048142552
PL=1.166201711
SE=1.025572538
SK=1.121796131
SL=1.086801171
UK=1.022297382
