[General]
Map=eur25nuts1
[Values]
AT=1.09663868
BE=1.068260193
CZ=1.168914557
DE=1.073171496
DK=1.102725863
ES=1.157647371
FL=1.104242802
FR=1.105247974
GR=1.109391212
HU=1.172443509
I=1.056040645
IRL=1.168379545
LU=1.068260193
NL=1.110877633
P=1.087370634
PL=1.227268457
SE=1.092098832
SK=1.272969007
SL=1.076048255
UK=1.099298835
