[General]
Map=eur25nuts1
[Values]
AT=1.083844423
BE=1.022262931
CZ=1.116307735
DE=1.069663644
DK=1.072400928
ES=1.135395408
FL=1.072248697
FR=1.076340199
GR=1.086542368
HU=1.045834064
I=1.046698093
IRL=1.189246535
LU=1.022262931
NL=1.133099318
P=1.08686018
PL=1.145891666
SE=1.063647866
SK=1.192259431
SL=1.118759274
UK=1.083322525
