[General]
Map=eur25nuts1
[Values]
AT=1.061100245
BE=1.020959973
CZ=1.101856589
DE=1.051375508
DK=1.076779842
ES=1.109522104
FL=1.070603609
FR=1.063470364
GR=1.07541275
HU=1.110223293
I=1.025150418
IRL=1.143080831
LU=1.020959973
NL=1.070480108
P=1.074808955
PL=1.14601016
SE=1.052716017
SK=1.159190416
SL=1.104958177
UK=1.067295909
