[General]
Map=eur25nuts1
[Values]
AT=0.998020053
BE=0.995727837
CZ=1.011461139
DE=1.006452799
DK=0.983715892
ES=1.008034945
FL=1.007890344
FR=1.00690794
GR=1.018003583
HU=1.041083574
I=0.996806264
IRL=1.069944978
LU=0.995727837
NL=1.021936774
P=1.021223068
PL=1.024665356
SE=0.999017715
SK=1.010198593
SL=1.007411599
UK=1.006085753
