[General]
Map=eur25nuts1
[Values]
AT=0.999176085
BE=0.984660566
CZ=0.995807111
DE=0.997083843
DK=0.999185562
ES=0.992293715
FL=0.997259498
FR=0.993668199
GR=0.997529387
HU=1.024678111
I=0.99348408
IRL=1.012273312
LU=0.984660566
NL=0.985715985
P=1.000683784
PL=1.006761193
SE=0.990914345
SK=0.996689618
SL=1.051669836
UK=0.996385574
