[General]
Map=eur25nuts1
[Values]
AT=0.998548627
BE=0.999046683
CZ=0.995079517
DE=1.001451969
DK=0.999605119
ES=1.005491972
FL=1.002007961
FR=1.005968451
GR=1.003251672
HU=0.980488956
I=1.004674792
IRL=1.007022142
LU=0.999046683
NL=1.005693913
P=1.013038754
PL=0.992007494
SE=1.00214231
SK=1.000764251
SL=0.995732427
UK=1.002638936
