[General]
Map=eur25nuts1
[Values]
AT=1.025559664
BE=1.012777686
CZ=1.019629002
DE=0.993289471
DK=1.003360152
ES=0.994857728
FL=1.017692447
FR=0.994995534
GR=0.980762184
HU=1.08188045
I=0.990407348
IRL=1.070525885
LU=1.012777686
NL=0.987438858
P=0.978977442
PL=1.042351842
SE=1.012716889
SK=1.007432699
SL=1.018979192
UK=0.997693181
