[General]
Map=eur25nuts1
[Values]
AT=1.005016208
BE=1.002071619
CZ=1.003994107
DE=1.000275493
DK=0.999622345
ES=1.002912641
FL=1.006549954
FR=1.003133178
GR=1.000818491
HU=1.030611873
I=1.00005722
IRL=1.030238867
LU=1.002071619
NL=1.004297376
P=1.003957748
PL=1.011276841
SE=1.004705191
SK=1.003591061
SL=1.002512097
UK=1.001601815
