[General]
Map=eur25nuts1
[Values]
AT=0.988489389
BE=0.99697113
CZ=1.004485607
DE=0.995711684
DK=1.000226617
ES=0.987209439
FL=0.99957186
FR=0.991044521
GR=1.004024506
HU=1.003859401
I=0.998292208
IRL=0.993579924
LU=0.99697113
NL=1.00321126
P=0.995349288
PL=0.99208504
SE=0.993614316
SK=0.997071087
SL=1.017568111
UK=0.994259655
