[General]
Map=eur25nuts1
[Values]
AT=1.011195421
BE=1.005429149
CZ=1.047508836
DE=1.032480478
DK=1.048909545
ES=1.069434524
FL=1.059639215
FR=1.052303433
GR=1.09582293
HU=1.088108301
I=1.004928589
IRL=1.109729171
LU=1.005429149
NL=1.042687893
P=1.08267808
PL=1.090592742
SE=1.047553897
SK=1.058466315
SL=1.053445578
UK=1.060575843
