[General]
Map=eur25nuts1
[Values]
AT=0.999820888
BE=0.999248922
CZ=1.001987696
DE=0.999967575
DK=1.000011563
ES=0.999882519
FL=0.999854028
FR=1.000055075
GR=0.999553382
HU=1.002254963
I=1.000123501
IRL=1.000331521
LU=0.999248922
NL=0.999465466
P=1.000257254
PL=0.998049557
SE=0.999917626
SK=1.000981092
SL=1.003679395
UK=0.999882758
