[General]
Map=eur25nuts1
[Values]
AT=0.98028326
BE=0.965025842
CZ=1.026759028
DE=0.978705108
DK=1.001994252
ES=0.979913116
FL=1.001954675
FR=0.994273782
GR=0.989084601
HU=1.096128225
I=0.984104216
IRL=0.938104749
LU=0.965025842
NL=0.885996103
P=1.01041913
PL=1.064640999
SE=0.9890697
SK=1.024185538
SL=1.074753165
UK=0.987038374
