[General]
Map=eur25nuts1
[Values]
AT=0.971493542
BE=1.027494192
CZ=1.091448903
DE=1.01398766
DK=0.811624289
ES=1.021415353
FL=0.994067252
FR=0.882029653
GR=1.003878474
HU=1.056042433
I=1.015555978
IRL=1.004090667
LU=1.027494192
NL=0.892058253
P=0.306193322
PL=1.053476095
SE=0.951022983
SK=1.101541638
SL=1.333016038
UK=1.023078799
