[General]
Map=eur25nuts1
[Values]
AT=1.004076004
BE=1.000061393
CZ=0.995830297
DE=1.000228167
DK=1.006781936
ES=0.999391854
FL=0.997047484
FR=1.008874774
GR=1.028974175
HU=0.998189569
I=1.005711913
IRL=0.999479115
LU=1.000061393
NL=1.011544228
P=0.997612655
PL=1.000516176
SE=1.001451492
SK=0.998412251
SL=0.997092009
UK=1.014517069
