[General]
Map=eur25nuts1
[Values]
AT=0.803790271
BE=0.997968733
CZ=1.046429873
DE=0.993897498
DK=0.722453415
ES=1.002588749
FL=0.951842785
FR=0.781597674
GR=0.865032315
HU=1.005445719
I=0.984071732
IRL=0.994862854
LU=0.997968733
NL=0.665183008
P=0.353253186
PL=0.999865472
SE=0.845579565
SK=1.052662134
SL=1.321722984
UK=0.889780045
