[General]
Map=eur25nuts1
[Values]
AT=0.961707413
BE=0.953838348
CZ=1.014150858
DE=0.992091
DK=0.996498466
ES=0.98832655
FL=0.981651187
FR=0.997381687
GR=0.969066381
HU=1.083883762
I=0.96903038
IRL=1.045304179
LU=0.953838348
NL=0.864431083
P=0.884880781
PL=1.040215254
SE=0.965997994
SK=1.008508086
SL=1.027188659
UK=1.007217884
