[General]
Map=eur25nuts1
[Values]
AT=0.95526135
BE=1.001225352
CZ=1.071024776
DE=1.021287084
DK=1.087114811
ES=1.068230867
FL=1.029071212
FR=1.03875792
GR=1.028521657
HU=1.135681391
I=0.990245104
IRL=1.087724686
LU=1.001225352
NL=0.839226604
P=0.947044969
PL=1.115611434
SE=1.006681919
SK=1.076719761
SL=1.067138553
UK=1.052184701
