[General]
Map=eur25nuts1
[Values]
AT=0.982760966
BE=1.013345838
CZ=1.004010081
DE=0.988877356
DK=1.005770922
ES=0.992825031
FL=0.999598086
FR=0.978661537
GR=0.991982698
HU=0.988321662
I=1.008891821
IRL=0.985863268
LU=1.013345838
NL=0.961850107
P=1.001133323
PL=0.998069108
SE=0.998280048
SK=0.978602529
SL=0.989824533
UK=0.993592024
