[General]
Map=eur25nuts1
[Values]
AT=0.94511652
BE=0.858280301
CZ=1.115888
DE=0.917327225
DK=0.815248787
ES=0.970461845
FL=0.986520231
FR=0.957003117
GR=0.971277833
HU=1.342589378
I=0.960686445
IRL=0.865608692
LU=0.858280301
NL=0.677613676
P=1.018917441
PL=1.309437633
SE=0.920925915
SK=1.155230045
SL=1.132963777
UK=0.952773809
