[General]
Map=eur25nuts1
[Values]
AT=1.007944107
BE=0.959688544
CZ=1.023091316
DE=0.956266344
DK=0.929988682
ES=0.923966467
FL=1.006520033
FR=0.961117148
GR=0.949822962
HU=1.152096391
I=0.986158073
IRL=1.048549533
LU=0.959688544
NL=0.968758285
P=0.928348184
PL=1.121481776
SE=0.987182915
SK=1.012534976
SL=1.022725344
UK=0.973391712
