[General]
Map=eur25nuts1
[Values]
AT=0.95893532
BE=0.836913943
CZ=1.215420365
DE=0.883458495
DK=0.799470544
ES=1.00295043
FL=1.03482759
FR=0.970341563
GR=0.987284124
HU=1.568585873
I=0.957829773
IRL=0.969318986
LU=0.836913943
NL=0.684777677
P=1.014528871
PL=1.515370846
SE=0.92183882
SK=1.298148155
SL=1.194672823
UK=0.956114531
