[General]
Map=eur25nuts1
[Values]
AT=0.022205181
BE=0.018443538
CZ=0.046662118
DE=0.030682886
DK=0.028520865
ES=0.032408159
FL=0.033327125
FR=0.024614124
GR=0.100617193
HU=0.023639509
I=0.019180164
IRL=0.026349077
LU=0.018443538
NL=0.019547896
P=0.030260174
PL=0.06175489
SE=0.0192807
SK=0.049026038
SL=0.044858448
UK=0.025465438
