[General]
Map=eur25nuts1
[Values]
AT=0.004917712
BE=0.003809811
CZ=0.010795825
DE=0.005085554
DK=0.005138439
ES=0.014802101
FL=0.007436073
FR=0.011113619
GR=0.044842649
HU=0.023704367
I=0.014903264
IRL=0.006380592
LU=0.003809811
NL=0.010457435
P=0.012515946
PL=0.021905161
SE=0.002386961
SK=0.008098392
SL=0.003175784
UK=0.00268422
