[General]
Map=eur25nuts1
[Values]
AT=0.011210463
BE=0.008011593
CZ=0.019616347
DE=0.005957052
DK=0.020107746
ES=0.010301452
FL=0.010002394
FR=0.009809088
GR=0.01448567
HU=0.015771328
I=0.007947254
IRL=0.011380344
LU=0.008011593
NL=0.006545457
P=0.00729
PL=0.021935197
SE=0.00485178
SK=0.014734191
SL=0.015570932
UK=0.008432915
