[General]
Map=eur25nuts1
[Values]
AT=0.038333356
BE=0.030264942
CZ=0.077074297
DE=0.041725494
DK=0.053767055
ES=0.05751171
FL=0.050765593
FR=0.045536831
GR=0.159945518
HU=0.063115202
I=0.042030677
IRL=0.044110011
LU=0.030264942
NL=0.036550786
P=0.050066121
PL=0.105595239
SE=0.02651944
SK=0.071858622
SL=0.06360516
UK=0.036582574
