[General]
Map=eur25nuts1
[Values]
AT=0.998090327
BE=0.769088447
CZ=1.058883786
DE=0.994264781
DK=1.200262308
ES=0.882760644
FL=0.994217157
FR=1.085577488
GR=0.867326856
HU=1.133272171
I=0.858141422
IRL=1.223521471
LU=0.769088447
NL=0.879235506
P=0.799218893
PL=1.052081704
SE=0.965588689
SK=1.006203175
SL=1.086249709
UK=0.909045696
