[General]
Map=eur25nuts1
[Values]
AT=0.924112916
BE=0.881316066
CZ=0.951921225
DE=0.924977243
DK=1.218174577
ES=0.980780184
FL=0.90568614
FR=1.014689445
GR=0.959354341
HU=1.080525637
I=0.917614937
IRL=1.284684777
LU=0.881316066
NL=1.152444124
P=0.849025965
PL=0.978375137
SE=0.884104311
SK=0.929050565
SL=0.941794991
UK=0.920763373
