[General]
Map=eur25nuts1
[Values]
AT=0.994974971
BE=1.014654875
CZ=0.987378836
DE=1.019204974
DK=1.030288696
ES=0.987180233
FL=1.05035603
FR=1.012595773
GR=0.926626205
HU=1.00244844
I=1.025081038
IRL=1.281012297
LU=1.014654875
NL=0.942891121
P=0.94545579
PL=0.955936253
SE=1.035520077
SK=0.954632342
SL=0.981482983
UK=0.988236785
