[General]
Map=eur25nuts1
[Values]
AT=0.900553763
BE=0.917570114
CZ=0.898959398
DE=0.903944731
DK=1.223399639
ES=1.012039661
FL=0.855743051
FR=0.986990213
GR=0.984497786
HU=1.054761171
I=0.942278087
IRL=1.329424977
LU=0.917570114
NL=1.254192948
P=0.864372432
PL=0.948894024
SE=0.857600808
SK=0.894366086
SL=0.890945017
UK=0.925134063
