[General]
Map=eur25nuts1
[Values]
AT=0.970980823
BE=0.9881109
CZ=1.026814461
DE=0.988631606
DK=0.989188075
ES=0.994582057
FL=0.96867907
FR=0.991391063
GR=1.015573263
HU=1.644069195
IRL=0.991254628
I=1.028470397
LU=0.9881109
NL=0.988960147
P=0.946378887
PL=1.053882718
SE=0.963397205
SK=1.023787379
SL=1.0353477
UK=0.994146943
