[General]
Map=eur25nuts1
[Values]
AT=0.983709037
BE=0.96340543
CZ=0.981385171
DE=0.986309588
DK=0.990824223
ES=0.987325072
FL=0.993531227
FR=0.979348242
GR=0.998543262
HU=1.15653491
IRL=0.994557619
I=0.972050607
LU=0.96340543
NL=0.970057249
P=1.001108289
PL=1.007119298
SE=0.984981239
SK=0.972749472
SL=1.10783112
UK=0.986885667
