[General]
Map=eur25nuts1
[Values]
AT=1.008493304
BE=1.022458553
CZ=1.200949192
DE=1.029966235
DK=1.08419919
ES=1.118668079
FL=1.035461187
FR=1.051369071
GR=1.124792099
HU=1.979465008
I=1.016548514
IRL=1.130001187
LU=1.022458553
NL=1.03305161
P=1.038462758
PL=1.329515696
SE=1.010131598
SK=1.288272381
SL=1.289018154
UK=1.063856006
