[General]
Map=eur25nuts1
[Values]
AT=0.999964416
BE=1.009260058
CZ=1.010151625
DE=0.983834207
DK=1.013678432
ES=0.982016921
FL=0.979915977
FR=0.98637253
GR=0.98056978
HU=1.024888396
I=0.992999494
IRL=0.933998048
LU=1.009260058
NL=1.008195162
P=0.987361729
PL=1.016256213
SE=1.007500768
SK=1.003476858
SL=1.007995248
UK=0.990804434
