[General]
Map=eur25nuts1
[Values]
AT=1.339346886
BE=1.146673083
CZ=1.379696608
DE=1.292295218
DK=1.301713943
ES=1.480597854
FL=1.275448442
FR=1.337543607
GR=1.326627731
HU=1.232451677
I=1.256042838
IRL=1.684682012
LU=1.146673083
NL=1.398775339
P=1.333973169
PL=1.44204998
SE=1.28170836
SK=1.517163157
SL=1.307630897
UK=1.335771084
