[General]
Map=eur25nuts1
[Values]
AT=0.976677418
BE=0.986386895
CZ=1.001948714
DE=0.978291273
DK=0.992205441
ES=0.971150458
FL=0.97291398
FR=0.977778018
GR=0.997860432
HU=1.016432405
I=0.983740807
IRL=1.008840561
LU=0.986386895
NL=1.020655274
P=1.002162695
PL=1.010397196
SE=0.975284517
SK=0.992218912
SL=1.01458919
UK=0.9733845
