[General]
Map=eur25nuts1
[Values]
AT=1.259508729
BE=1.162700057
CZ=1.289128423
DE=1.237500668
DK=1.298897505
ES=1.397102714
FL=1.259784102
FR=1.284229517
GR=1.275689483
HU=1.203990579
I=1.186691165
IRL=1.449504256
LU=1.162700057
NL=1.293471813
P=1.292946339
PL=1.349057436
SE=1.250531077
SK=1.401798606
SL=1.243331909
UK=1.274579883
