[General]
Map=eur25nuts1
[Values]
AT=1.001693964
BE=0.988552272
CZ=0.988120019
DE=0.992664039
DK=0.991487682
ES=0.991019011
FL=0.986041784
FR=0.987916112
GR=0.990908682
HU=1.014416814
I=0.988747299
IRL=1.024505973
LU=0.988552272
NL=0.996032953
P=0.994629622
PL=1.000082254
SE=0.989289701
SK=0.989358485
SL=1.041351795
UK=0.995115161
