[General]
Map=eur25nuts1
[Values]
AT=0.984487593
BE=0.962237597
CZ=0.990087926
DE=0.990057111
DK=1.00413537
ES=0.983794868
FL=1.002453685
FR=0.990693033
GR=1.004616618
HU=0.998113334
I=0.990136623
IRL=0.965995371
LU=0.962237597
NL=0.994199395
P=0.989326775
PL=0.98024255
SE=0.999780476
SK=0.977703691
SL=1.004431605
UK=0.990701318
