[General]
Map=eur25nuts1
[Values]
AT=0.982978702
BE=0.980865836
CZ=1.016533256
DE=0.973662138
DK=1.012381911
ES=0.984597802
FL=1.006531
FR=0.977362573
GR=0.958501637
HU=1.081671476
I=0.968077302
IRL=0.889002025
LU=0.980865836
NL=0.947202563
P=0.982363164
PL=1.046434402
SE=1.001388192
SK=1.016584873
SL=1.074080467
UK=0.959039032
