[General]
Map=eur25nuts1
[Values]
AT=1.135239363
BE=1.14400816
CZ=1.082477093
DE=1.146895885
DK=1.231652737
ES=1.214525461
FL=1.194961071
FR=1.21416831
GR=1.229649186
HU=1.13725853
I=1.106559515
IRL=1.14234376
LU=1.14400816
NL=1.138605833
P=1.232593298
PL=1.160927653
SE=1.233458757
SK=1.091713786
SL=1.114314795
UK=1.187522173
