[General]
Map=eur25nuts1
[Values]
AT=1.00031507
BE=1.001016855
CZ=1.001040578
DE=1.000135422
DK=0.999899566
ES=1.000546098
FL=1.000802994
FR=0.997799337
GR=1.000545859
HU=1.00051105
I=1.00069046
IRL=1.001890898
LU=1.001016855
NL=1.000210524
P=1.000821471
PL=1.000258207
SE=0.999324024
SK=1.000976086
SL=1.000205874
UK=1.000178933
