[General]
Map=eur25nuts1
[Values]
AT=1.00068152
BE=0.992564261
CZ=0.999474168
DE=0.995702624
DK=0.988877535
ES=0.995644689
FL=0.985859036
FR=1.00707829
GR=1.000543237
HU=1.011385083
I=0.993784428
IRL=1.026929021
LU=0.992564261
NL=1.005870819
P=1.003559113
PL=1.004185796
SE=1.003385782
SK=1.00010407
SL=1.001432419
UK=0.997860014
