[General]
Map=eur25nuts1
[Values]
AT=0.99977392
BE=0.999580979
CZ=1.001870513
DE=1.00020051
DK=0.999494851
ES=1.000063062
FL=0.999921799
FR=0.99999392
GR=0.998872101
HU=1.002117395
I=1.000252247
IRL=1.000325441
LU=0.999580979
NL=0.999019623
P=0.999611139
PL=0.997731507
SE=0.999721766
SK=1.00085175
SL=1.003047228
UK=0.999828815
