[General]
Map=eur25nuts1
[Values]
AT=1.010793209
BE=0.995658457
CZ=0.973463297
DE=0.998557031
DK=0.976781845
ES=0.995701909
FL=0.975460887
FR=0.992046773
GR=0.996996522
HU=0.96358192
I=0.995999396
IRL=1.084046721
LU=0.995658457
NL=1.016030192
P=1.001672387
PL=0.978732526
SE=0.983865023
SK=0.977831364
SL=1.033354759
UK=1.007155776
