[General]
Map=eur25nuts1
[Values]
AT=1.00366962
BE=0.986984432
CZ=0.993561327
DE=1.001517653
DK=0.973153651
ES=1.007871389
FL=0.990033746
FR=1.025191188
GR=1.007279158
HU=0.9956038
I=0.997058392
IRL=1.06300807
LU=0.986984432
NL=1.001454592
P=1.012021422
PL=0.995894969
SE=1.004366755
SK=0.999477863
SL=0.997052968
UK=1.001824856
