[General]
Map=eur25nuts1
[Values]
AT=1.434202909
BE=1.338334799
CZ=1.482496381
DE=1.329898596
DK=1.419095516
ES=1.57807672
FL=1.430550575
FR=1.451140642
GR=1.431214929
HU=1.484735608
I=1.32370162
IRL=1.598250031
LU=1.338334799
NL=1.40239656
P=1.359490752
PL=1.616148829
SE=1.394404411
SK=1.705115557
SL=1.2740345
UK=1.395816684
