[General]
Map=eur25nuts1
[Values]
AT=1.088984489
BE=1.211022019
CZ=1.177856326
DE=1.097339392
DK=1.30988121
ES=1.318743706
FL=1.241620421
FR=1.215969563
GR=1.139415264
HU=1.20084703
I=1.064694643
IRL=0.975999951
LU=1.211022019
NL=1.136490822
P=1.238920212
PL=1.237122416
SE=1.173601508
SK=1.265468121
SL=1.124730706
UK=1.113391757
