[General]
Map=eur25nuts1
[Values]
AT=1.003066301
BE=1.011756063
CZ=0.977655113
DE=1.00456512
DK=1.013224602
ES=1.011863232
FL=1.00894177
FR=1.025474072
GR=1.016683578
HU=1.045812845
I=1.000548005
IRL=1.030225635
LU=1.011756063
NL=1.051242471
P=1.017808557
PL=1.006713629
SE=1.011545658
SK=0.983293235
SL=0.994398713
UK=1.004948854
