[General]
Map=eur25nuts1
[Values]
AT=0.990251064
BE=0.95524615
CZ=1.021107554
DE=0.959820449
DK=0.990388393
ES=0.934120417
FL=0.985097885
FR=0.947000206
GR=0.949653506
HU=1.076325893
I=0.995595813
IRL=0.861340821
LU=0.95524615
NL=1.032831788
P=0.954023302
PL=1.056461453
SE=0.990322113
SK=1.017746449
SL=1.010674834
UK=0.971080124
