[General]
Map=eur25nuts1
[Values]
AT=0.957119286
BE=0.82716465
CZ=1.075122833
DE=0.901699066
DK=0.835868061
ES=0.949626684
FL=0.981767356
FR=0.915305376
GR=0.923698783
HU=1.257169366
I=0.935782015
IRL=0.806351185
LU=0.82716465
NL=0.760538876
P=0.956671953
PL=1.221674681
SE=0.896529436
SK=1.111493111
SL=1.075800538
UK=0.887602985
