[General]
Map=eur25nuts1
[Values]
AT=0.760694444
BE=0.647397161
CZ=0.938311338
DE=0.726474166
DK=0.542760313
ES=0.703594625
FL=0.812918901
FR=0.674725115
GR=0.667348862
HU=0.894000947
I=0.812953532
IRL=0.664599717
LU=0.647397161
NL=0.42159155
P=0.445899606
PL=0.911319792
SE=0.758952916
SK=0.907234788
SL=1.099275947
UK=0.806555688
