[General]
Map=eur25nuts1
[Values]
AT=1.089285016
BE=1.15390873
CZ=1.092140913
DE=1.127489448
DK=1.244989634
ES=1.220794797
FL=1.203222752
FR=1.210405588
GR=1.113000274
HU=1.157387495
I=1.079416156
IRL=0.982787132
LU=1.15390873
NL=0.951263368
P=1.100317121
PL=1.121853352
SE=1.255142927
SK=1.105344176
SL=1.109399438
UK=1.143268347
