[General]
Map=eur25nuts1
[Values]
AT=0.946464956
BE=0.954349756
CZ=1.008706927
DE=0.957251191
DK=0.990372241
ES=0.958048344
FL=0.943423688
FR=0.954524279
GR=0.967550576
HU=1.032622099
I=0.963592827
IRL=0.927492499
LU=0.954349756
NL=0.973075151
P=0.929304719
PL=1.016354799
SE=0.947612524
SK=1.002914071
SL=1.038283587
UK=0.959183693
