[General]
Map=eur25nuts1
[Values]
AT=1.029358149
BE=0.908273041
CZ=1.328481317
DE=0.948424637
DK=1.04551959
ES=1.269305229
FL=1.141749382
FR=1.121093988
GR=1.096724987
HU=1.459824562
I=1.036576748
IRL=0.793608665
LU=0.908273041
NL=0.854396105
P=1.182784677
PL=1.468771458
SE=0.98885864
SK=1.43611145
SL=1.213351369
UK=0.995678663
