[General]
Map=eur25nuts1
[Values]
AT=0.871806383
BE=0.921454191
CZ=1.071255565
DE=0.923208833
DK=0.720842481
ES=1.081773877
FL=1.017027617
FR=0.694750428
GR=0.885101676
HU=1.091477394
I=0.877699077
IRL=1.098825574
LU=0.921454191
NL=0.599046886
P=0.316201508
PL=1.109969974
SE=1.011271119
SK=1.046281815
SL=1.177873373
UK=1.007347465
