[General]
Map=eur25nuts1
[Values]
AT=0.97887975
BE=1.022084117
CZ=0.995130897
DE=0.991411984
DK=1.015182495
ES=0.993748963
FL=1.012292027
FR=0.982383907
GR=0.990160167
HU=0.991811812
I=0.991421103
IRL=0.964259803
LU=1.022084117
NL=1.011548519
P=0.993273199
PL=0.989966571
SE=1.031406522
SK=0.972104549
SL=0.986133993
UK=0.992016673
