[General]
Map=eur25nuts1
[Values]
AT=0.029146446
BE=0.021874551
CZ=0.062674865
DE=0.032496776
DK=0.042799264
ES=0.042529676
FL=0.036487058
FR=0.035391655
GR=0.121933706
HU=0.048878592
I=0.031746197
IRL=0.03844009
LU=0.021874551
NL=0.027908806
P=0.036400542
PL=0.087300055
SE=0.018282177
SK=0.060871534
SL=0.055617273
UK=0.027445663
