[General]
Map=eur25nuts1
[Values]
AT=0.008578098
BE=0.006288241
CZ=0.017698195
DE=0.005010128
DK=0.017676089
ES=0.008209335
FL=0.008408372
FR=0.007943225
GR=0.010571954
HU=0.014466235
I=0.00599389
IRL=0.009533294
LU=0.006288241
NL=0.006285257
P=0.005446455
PL=0.020713728
SE=0.003651316
SK=0.015818873
SL=0.014589116
UK=0.00626485
