[General]
Map=eur25nuts1
[Values]
AT=0.01667873
BE=0.012794808
CZ=0.036397673
DE=0.023089532
DK=0.020302268
ES=0.023831353
FL=0.022017298
FR=0.018046169
GR=0.076596655
HU=0.016976096
I=0.01446955
IRL=0.024011832
LU=0.012794808
NL=0.014206026
P=0.020522041
PL=0.05069872
SE=0.012496795
SK=0.038005061
SL=0.037939124
UK=0.018995114
