[General]
Map=eur25nuts1
[Values]
AT=0.003889616
BE=0.002791501
CZ=0.008579
DE=0.004397118
DK=0.004820905
ES=0.010488994
FL=0.006061385
FR=0.009402262
GR=0.034765083
HU=0.017436258
I=0.011282759
IRL=0.004894964
LU=0.002791501
NL=0.007417522
P=0.010432044
PL=0.015887603
SE=0.002134067
SK=0.007047597
SL=0.003089035
UK=0.002185701
