[General]
Map=eur25nuts1
[Values]
AT=0.988386512
BE=0.738144219
CZ=1.019763827
DE=0.985859215
DK=1.241915345
ES=0.878453791
FL=0.966746926
FR=1.082167029
GR=0.853014648
HU=1.101419568
I=0.848239064
IRL=1.167539597
LU=0.738144219
NL=0.938333631
P=0.7785393
PL=1.006571293
SE=0.985562801
SK=0.957989275
SL=1.002836347
UK=0.888421416
