[General]
Map=eur25nuts1
[Values]
AT=0.990133703
BE=1.011555791
CZ=0.992216349
DE=1.017961621
DK=1.025992155
ES=0.985683918
FL=1.051274061
FR=1.015093684
GR=0.908690631
HU=1.002706647
I=1.029709339
IRL=1.325210333
LU=1.011555791
NL=0.932828844
P=0.935709059
PL=0.944495857
SE=1.024377823
SK=0.953993022
SL=0.973389387
UK=0.977062941
