[General]
Map=eur25nuts1
[Values]
AT=0.933339179
BE=0.880164742
CZ=0.933057785
DE=0.935731769
DK=1.263834238
ES=0.987411082
FL=0.914607167
FR=1.041099668
GR=0.946886122
HU=1.056341171
I=0.928322971
IRL=1.342172146
LU=0.880164742
NL=1.186086893
P=0.83957386
PL=0.955846846
SE=0.916390657
SK=0.909370422
SL=0.910432696
UK=0.931531489
