[General]
Map=eur25nuts1
[Values]
AT=0.917765439
BE=0.92028296
CZ=0.894848287
DE=0.921813786
DK=1.269781828
ES=1.016940475
FL=0.887336195
FR=1.026431203
GR=0.968559504
HU=1.035359859
I=0.958007634
IRL=1.452602148
LU=0.92028296
NL=1.271167397
P=0.85603255
PL=0.937586308
SE=0.895679772
SK=0.88877213
SL=0.879410684
UK=0.945767224
