[General]
Map=eur25nuts1
[Values]
AT=1.215849996
BE=1.249026299
CZ=1.5273844
DE=1.215037227
DK=1.445783019
ES=1.411103606
FL=1.235300303
FR=1.291662455
GR=1.381591916
HU=1.693313956
I=1.181358218
IRL=1.402843595
LU=1.249026299
NL=1.270458579
P=1.242000937
PL=1.746386051
SE=1.222076893
SK=1.774377584
SL=1.709271431
UK=1.284389734
