[General]
Map=eur25nuts1
[Values]
AT=0.9409886
BE=0.962630928
CZ=0.992990971
DE=0.964626193
DK=0.932978988
ES=0.951027811
FL=0.909295619
FR=0.976819158
GR=0.960550785
HU=1.116844773
IRL=0.974155366
I=0.939850628
LU=0.962630928
NL=0.959978104
P=0.907494605
PL=1.015323281
SE=0.947247207
SK=0.967690408
SL=1.027538896
UK=0.976387322
