[General]
Map=eur25nuts1
[Values]
AT=0.981891513
BE=0.954174936
CZ=0.961117983
DE=0.972849607
DK=0.990255415
ES=0.978064001
FL=0.979779899
FR=0.969072104
GR=0.993020952
HU=1.085508704
IRL=0.981940508
I=0.965823472
LU=0.954174936
NL=0.964063466
P=0.983338416
PL=0.988985181
SE=0.982949018
SK=0.955386817
SL=1.092968822
UK=0.978725731
