[General]
Map=eur25nuts1
[Values]
AT=0.006122426
BE=0.005138925
CZ=0.012929707
DE=0.006019874
DK=0.006365894
ES=0.018871326
FL=0.008809764
FR=0.013428546
GR=0.05058052
HU=0.027443696
I=0.017705629
IRL=0.007663658
LU=0.005138925
NL=0.014303889
P=0.015740374
PL=0.029056009
SE=0.002932461
SK=0.010354642
SL=0.003077733
UK=0.003186264
