[General]
Map=eur25nuts1
[Values]
AT=0.025229188
BE=0.02257313
CZ=0.058914281
DE=0.034585752
DK=0.034001693
ES=0.038585737
FL=0.039397273
FR=0.028882366
GR=0.112698294
HU=0.027669134
I=0.021719169
IRL=0.028163027
LU=0.02257313
NL=0.023551086
P=0.036452953
PL=0.071613781
SE=0.023976536
SK=0.063667595
SL=0.045694709
UK=0.029542785
