[General]
Map=eur25nuts1
[Values]
AT=1.143318057
BE=1.134660602
CZ=1.074600458
DE=1.161169052
DK=1.209245086
ES=1.21779263
FL=1.164004922
FR=1.252040267
GR=1.189136267
HU=1.136459351
I=1.08425653
IRL=1.184826016
LU=1.134660602
NL=1.136349559
P=1.213528991
PL=1.166573167
SE=1.222269058
SK=1.103654861
SL=1.110220313
UK=1.211343169
