[General]
Map=eur25nuts1
[Values]
AT=1.021413207
BE=1.005859375
CZ=0.976851106
DE=1.005446315
DK=1.005784035
ES=0.997790098
FL=1.010128975
FR=0.995981455
GR=0.999459803
HU=0.966434598
I=0.998309255
IRL=1.064842582
LU=1.005859375
NL=1.022231221
P=0.999852479
PL=0.983382821
SE=1.000916123
SK=0.983774245
SL=1.049692154
UK=1.001093864
