[General]
Map=eur25nuts1
[Values]
AT=1.054435968
BE=1.140289307
CZ=1.108127236
DE=1.07197082
DK=1.220820069
ES=1.313550115
FL=1.164203763
FR=1.189399004
GR=1.12680006
HU=1.237287879
I=1.019818068
IRL=1.117620945
LU=1.140289307
NL=1.08116436
P=1.207503319
PL=1.179176211
SE=1.103600264
SK=1.164601326
SL=1.086765766
UK=1.161079288
