[General]
Map=eur25nuts1
[Values]
AT=0.99790591
BE=0.998551726
CZ=1.00929606
DE=1.001885176
DK=1.0001899
ES=0.99914211
FL=0.995252848
FR=1.00122726
GR=1.007452726
HU=1.009569764
I=0.999954104
IRL=0.990301669
LU=0.998551726
NL=1.0010463
P=0.998325527
PL=0.994888425
SE=0.996412992
SK=1.00551331
SL=1.025623798
UK=0.998553872
