[General]
Map=eur25nuts1
[Values]
AT=1.482043743
BE=1.38821733
CZ=1.412843823
DE=1.374839902
DK=1.48428905
ES=1.616703391
FL=1.49092865
FR=1.512643337
GR=1.456682324
HU=1.373303294
I=1.293928027
IRL=1.730221748
LU=1.38821733
NL=1.439430833
P=1.380723
PL=1.525393009
SE=1.446429729
SK=1.626878023
SL=1.26953733
UK=1.453942418
