[General]
Map=eur25nuts1
[Values]
AT=0.977989614
BE=0.973369479
CZ=1.028491139
DE=0.97604084
DK=0.989480615
ES=0.994044781
FL=0.992305577
FR=0.99093467
GR=0.970683873
HU=1.124758959
I=0.977013648
IRL=0.947079241
LU=0.973369479
NL=0.959339499
P=0.993588209
PL=1.060142756
SE=0.974950373
SK=1.025950909
SL=1.074694514
UK=0.991735697
