[General]
Map=eur25nuts1
[Values]
AT=0.999944866
BE=1.00036633
CZ=1.002229571
DE=0.999953568
DK=1.000004172
ES=1.000060081
FL=0.999654472
FR=1.000148296
GR=0.999246418
HU=1.002783775
I=1.000140786
IRL=1.000465751
LU=1.00036633
NL=0.999608874
P=0.999823451
PL=0.998277485
SE=0.99983418
SK=1.001156569
SL=1.004509568
UK=1.000032425
