[General]
Map=eur25nuts1
[Values]
AT=1.368372679
BE=1.173159719
CZ=1.293704629
DE=1.326692104
DK=1.361100912
ES=1.486154675
FL=1.350038528
FR=1.358411074
GR=1.340560079
HU=1.103795886
I=1.20917654
IRL=1.579141974
LU=1.173159719
NL=1.386731982
P=1.332315326
PL=1.34612
SE=1.345822692
SK=1.413878798
SL=1.29969883
UK=1.344187021
