[General]
Map=eur25nuts1
[Values]
AT=1.271389008
BE=1.161608458
CZ=1.214231133
DE=1.257231236
DK=1.303735614
ES=1.398032427
FL=1.28704226
FR=1.294476271
GR=1.276045203
HU=1.161777854
I=1.144180417
IRL=1.409446955
LU=1.161608458
NL=1.270899057
P=1.279701948
PL=1.274832368
SE=1.277304888
SK=1.303796887
SL=1.224315763
UK=1.291982293
