[General]
Map=eur25nuts1
[Values]
AT=1.009145617
BE=0.997322083
CZ=0.99526006
DE=0.999250472
DK=0.999749184
ES=0.996959388
FL=1.00457871
FR=0.995470643
GR=0.99505192
HU=1.033048749
I=0.993828416
IRL=1.024906874
LU=0.997322083
NL=1.00369215
P=0.997813225
PL=1.008133054
SE=0.994207561
SK=0.997573614
SL=1.053554177
UK=0.998690367
