[General]
Map=eur25nuts1
[Values]
AT=1.099053025
BE=1.192319036
CZ=1.09149754
DE=1.192322612
DK=1.275599837
ES=1.299473763
FL=1.204241276
FR=1.346443892
GR=1.216431737
HU=1.205367088
I=1.08320725
IRL=1.188887715
LU=1.192319036
NL=1.121593475
P=1.164458036
PL=1.114257216
SE=1.26103723
SK=1.132517099
SL=1.204060555
UK=1.235569
