[General]
Map=eur25nuts1
[Values]
AT=0.997156024
BE=1.010604978
CZ=1.005599499
DE=0.997218728
DK=0.998656273
ES=0.999726772
FL=0.983391583
FR=1.000959873
GR=0.996533275
HU=0.994242311
I=0.997033358
IRL=0.986441195
LU=1.010604978
NL=0.989554465
P=0.997007847
PL=0.997431874
SE=0.986857533
SK=0.983855724
SL=0.999806106
UK=0.995310485
