[General]
Map=eur25nuts1
[Values]
AT=0.941384196
BE=0.836088359
CZ=1.10835135
DE=0.902522624
DK=0.859168053
ES=0.976523817
FL=0.977192819
FR=0.953522801
GR=0.944942713
HU=1.474447131
I=0.948452353
IRL=0.900767386
LU=0.836088359
NL=0.811107874
P=0.982182741
PL=1.29897809
SE=0.903955221
SK=1.148531795
SL=1.142333865
UK=0.978331864
