[General]
Map=eur25nuts1
[Values]
AT=0.983731747
BE=0.999896765
CZ=1.030548096
DE=0.991226673
DK=0.927429497
ES=0.998422682
FL=0.966738701
FR=0.977753818
GR=0.986883342
HU=1.003361583
I=0.789224744
IRL=0.99295783
LU=0.999896765
NL=0.99375087
P=0.717647076
PL=0.999403954
SE=0.989370108
SK=1.028715611
SL=1.339728832
UK=0.995728374
