[General]
Map=eur25nuts1
[Values]
AT=1.047813058
BE=1.127331376
CZ=1.156149387
DE=1.108828306
DK=1.134524226
ES=1.098455071
FL=1.198204875
FR=0.990389585
GR=1.153760076
HU=1.134904385
I=1.041297436
IRL=1.020712376
LU=1.127331376
NL=1.099069953
P=0.714999616
PL=1.133288145
SE=1.164839625
SK=1.153441191
SL=1.424280524
UK=1.150847316
