[General]
Map=eur25nuts1
[Values]
AT=0.986149192
BE=0.954336822
CZ=1.253253579
DE=0.945751965
DK=1.156453371
ES=1.335407019
FL=1.134729505
FR=1.147903562
GR=1.128154397
HU=1.894062877
I=0.998396397
IRL=1.112341642
LU=0.954336822
NL=1.02545166
P=1.227258205
PL=1.506595254
SE=0.983978271
SK=1.355189681
SL=1.231733918
UK=1.141718507
