[General]
Map=eur25nuts1
[Values]
AT=0.94740814
BE=0.958261967
CZ=1.015493393
DE=0.988022327
DK=0.993483484
ES=0.993254006
FL=0.977736235
FR=0.991782725
GR=0.983120918
HU=1.083418608
I=0.97374326
IRL=1.034699678
LU=0.958261967
NL=0.945413053
P=0.898727953
PL=1.041891098
SE=0.954025328
SK=1.018247604
SL=1.029335976
UK=1.005943298
