[General]
Map=eur25nuts1
[Values]
AT=0.016078798
BE=0.012001707
CZ=0.035200652
DE=0.020745173
DK=0.017989988
ES=0.02183881
FL=0.021223381
FR=0.016752964
GR=0.069967009
HU=0.017960621
I=0.013903443
IRL=0.019371176
LU=0.012001707
NL=0.012354072
P=0.017660791
PL=0.050336774
SE=0.011391961
SK=0.036488343
SL=0.035602599
UK=0.016957559
