[General]
Map=eur25nuts1
[Values]
AT=0.007300067
BE=0.004992334
CZ=0.014055435
DE=0.004110153
DK=0.013094438
ES=0.006818321
FL=0.006217014
FR=0.006300894
GR=0.00847359
HU=0.010826046
I=0.005520508
IRL=0.007238563
LU=0.004992334
NL=0.00434135
P=0.003448987
PL=0.015502157
SE=0.002684822
SK=0.011184555
SL=0.009667927
UK=0.005314982
