[General]
Map=eur25nuts1
[Values]
AT=0.004081927
BE=0.002759348
CZ=0.0088765
DE=0.004211614
DK=0.004193138
ES=0.009637224
FL=0.005645297
FR=0.009204673
GR=0.029224424
HU=0.017136957
I=0.010835107
IRL=0.004691273
LU=0.002759348
NL=0.00716031
P=0.010532361
PL=0.014733353
SE=0.00204456
SK=0.006382036
SL=0.003848925
UK=0.002053458
