[General]
Map=eur25nuts1
[Values]
AT=0.923838377
BE=0.902073503
CZ=0.898238003
DE=0.926321328
DK=1.238325715
ES=1.021590829
FL=0.886634529
FR=1.032375693
GR=0.967874169
HU=1.034891367
I=0.95996505
IRL=1.370490074
LU=0.902073503
NL=1.260196686
P=0.865389347
PL=0.944907367
SE=0.898180127
SK=0.894246399
SL=0.881476283
UK=0.933714986
