[General]
Map=eur25nuts1
[Values]
AT=0.99515456
BE=1.018048644
CZ=1.004032493
DE=1.012743711
DK=1.024995923
ES=0.984814227
FL=1.050917268
FR=1.018795252
GR=0.906058788
HU=1.013721704
I=1.03050518
IRL=1.343288183
LU=1.018048644
NL=0.934719086
P=0.934026539
PL=0.951442361
SE=1.020833611
SK=0.965952933
SL=0.978070378
UK=0.973329246
