[General]
Map=eur25nuts1
[Values]
AT=0.941660285
BE=0.883729517
CZ=0.947002828
DE=0.946439922
DK=1.246847987
ES=0.991202176
FL=0.926646948
FR=1.047664404
GR=0.947185278
HU=1.07359767
I=0.935543716
IRL=1.29754436
LU=0.883729517
NL=1.18386054
P=0.848887444
PL=0.967467785
SE=0.924966097
SK=0.919255733
SL=0.9253093
UK=0.931980968
