[General]
Map=eur25nuts1
[Values]
AT=1.005999565
BE=0.823785961
CZ=1.052016377
DE=1.016438723
DK=1.27640903
ES=0.889716387
FL=1.000900984
FR=1.084087968
GR=0.864077151
HU=1.152722478
I=0.869829416
IRL=1.18915379
LU=0.823785961
NL=0.978131473
P=0.799273372
PL=1.025206447
SE=1.018376589
SK=0.967008829
SL=1.04495132
UK=0.927054584
