[General]
Map=eur25nuts1
[Values]
AT=0.027460791
BE=0.019753391
CZ=0.058132589
DE=0.029066941
DK=0.035277564
ES=0.038294353
FL=0.033085693
FR=0.032258533
GR=0.107665032
HU=0.045923624
I=0.030259056
IRL=0.03130101
NL=0.023855733
P=0.031642139
PL=0.080572285
SE=0.016121341
UK=0.024325998
