[General]
Map=eur25nuts1
[Values]
AT=0.990146518
BE=0.973916233
CZ=0.982351899
DE=0.984222949
DK=0.978643835
ES=0.987401009
FL=0.986806631
FR=0.975049853
GR=1.001069784
HU=1.138110757
IRL=0.991524398
I=0.976687014
LU=0.973916233
NL=0.987283468
P=0.987591565
PL=0.996827006
SE=0.981578708
SK=0.977234125
SL=1.089987278
UK=0.981995285
