[General]
Map=eur25nuts1
[Values]
AT=1.366601348
BE=1.357215762
CZ=1.456045151
DE=1.36033535
DK=1.644641876
ES=1.565986395
FL=1.41511786
FR=1.512250423
GR=1.423219562
HU=1.986812949
I=1.210024118
IRL=1.607085943
LU=1.357215762
NL=1.335202932
P=1.539563775
PL=1.583223581
SE=1.374936819
SK=1.655724168
SL=1.62250185
UK=1.398749232
