[General]
Map=eur25nuts1
[Values]
AT=1.006008744
BE=0.951403439
CZ=1.001267791
DE=0.953028738
DK=1.020589948
ES=0.957182407
FL=1.02564168
FR=0.961771548
GR=0.925773621
HU=1.086646199
I=0.947166443
IRL=0.808456242
LU=0.951403439
NL=0.830038428
P=0.974985659
PL=1.049700022
SE=1.036494851
SK=1.006695271
SL=1.047470093
UK=0.919287324
