[General]
Map=eur25nuts1
[Values]
AT=1.00360477
BE=0.989089251
CZ=0.968749642
DE=0.998389363
DK=0.965768278
ES=0.996935427
FL=0.965339243
FR=0.986558557
GR=0.996557713
HU=0.951047897
I=0.986964703
IRL=1.162301302
LU=0.989089251
NL=1.03232646
P=1.071661592
PL=0.97231406
SE=0.969305396
SK=0.971262634
SL=1.033247352
UK=1.015280247
