[General]
Map=eur25nuts1
[Values]
AT=1.000418067
BE=0.975887179
CZ=0.97967422
DE=0.98827368
DK=0.98875469
ES=0.982628167
FL=0.98578465
FR=0.979808807
GR=0.985618114
HU=1.010712266
I=0.97967416
IRL=1.055361629
LU=0.975887179
NL=0.982636571
P=1.036110163
PL=0.99739182
SE=0.989370406
SK=0.981192768
SL=1.033700824
UK=0.993004858
