[General]
Map=eur25nuts1
[Values]
AT=1.003665447
BE=0.993153751
CZ=0.993125737
DE=1.001939416
DK=0.975396931
ES=1.009052515
FL=0.989464045
FR=1.023070335
GR=1.007605314
HU=0.998746812
I=0.997976482
IRL=1.048346639
LU=0.993153751
NL=1.005821586
P=1.015303731
PL=0.995664597
SE=1.005682349
SK=1.00006485
SL=0.9969908
UK=1.003134966
