[General]
Map=eur25nuts1
[Values]
AT=1.000313163
BE=1.001017094
CZ=1.000816703
DE=1.000154257
DK=0.999926329
ES=1.000511765
FL=1.000645161
FR=0.997869372
GR=1.000537038
HU=1.000778675
I=1.000569105
IRL=1.002058148
LU=1.001017094
NL=1.00003767
P=1.000758052
PL=1.000472665
SE=0.999357045
SK=1.00073576
SL=1.000212312
UK=1.000194907
