[General]
Map=eur25nuts1
[Values]
AT=1.000888944
BE=0.995822549
CZ=0.998512745
DE=0.996085167
DK=0.988954723
ES=0.995700896
FL=0.984774113
FR=1.006808281
GR=1.000372767
HU=1.017172694
I=0.994390726
IRL=1.030962229
LU=0.995822549
NL=1.003866553
P=1.001879096
PL=1.005244732
SE=1.004048944
SK=0.998506308
SL=1.001566052
UK=0.998296082
