[General]
Map=eur25nuts1
[Values]
AT=1.18258667
BE=1.105592012
CZ=1.347438574
DE=1.163549781
DK=1.236605167
ES=1.310431361
FL=1.191041708
FR=1.196998358
GR=1.216422081
HU=1.27232933
I=1.072320104
IRL=1.469078302
LU=1.105592012
NL=1.244037032
P=1.271654606
PL=1.472142339
SE=1.187772393
SK=1.58413744
SL=1.175307512
UK=1.226380587
