[General]
Map=eur25nuts1
[Values]
AT=0.966630161
BE=0.95003134
CZ=0.975645363
DE=0.984014571
DK=1.019173026
ES=0.96943891
FL=1.019693375
FR=0.981729627
GR=1.004774213
HU=0.998489618
I=0.993271112
IRL=0.942029238
LU=0.95003134
NL=1.00240612
P=0.987465322
PL=0.977803886
SE=1.029145956
SK=0.963518381
SL=0.995058239
UK=0.988549232
