[General]
Map=eur25nuts1
[Values]
AT=0.978971481
BE=0.982774794
CZ=0.999700069
DE=0.980023205
DK=0.992941022
ES=0.972785354
FL=0.975474358
FR=0.981426001
GR=0.999815047
HU=1.016216636
I=0.985387564
IRL=1.007666826
LU=0.982774794
NL=1.008058786
P=1.003043294
PL=1.009405255
SE=0.978803456
SK=0.990757942
SL=1.013213396
UK=0.97530055
