[General]
Map=eur25nuts1
[Values]
AT=1.050899386
BE=1.14298892
CZ=1.099930763
DE=1.104159355
DK=1.247848868
ES=1.176315308
FL=1.194261789
FR=1.173700094
GR=1.254005671
HU=1.207462788
I=1.018757224
IRL=1.101843715
LU=1.14298892
NL=1.141791344
P=1.220202684
PL=1.245231986
SE=1.238497972
SK=1.170148015
SL=1.131216764
UK=1.176849484
