[General]
Map=eur25nuts1
[Values]
AT=1.027469516
BE=1.095320463
CZ=1.142131448
DE=0.965520501
DK=1.255931854
ES=1.128981948
FL=1.19160068
FR=1.06787014
GR=0.98776865
HU=1.249961257
I=0.90864253
IRL=0.835422277
LU=1.095320463
NL=0.948394001
P=1.087955952
PL=1.263213754
SE=1.111033201
SK=1.322368145
SL=1.052053571
UK=0.974337935
