[General]
Map=eur25nuts1
[Values]
AT=1.256487608
BE=1.103007674
CZ=1.483895421
DE=1.22737062
DK=1.223126411
ES=1.425556064
FL=1.188537359
FR=1.261102915
GR=1.272246361
HU=1.302169323
I=1.147608876
IRL=1.761103272
LU=1.103007674
NL=1.38313818
P=1.370077014
PL=1.610064387
SE=1.211230636
SK=1.772203445
SL=1.223813057
UK=1.312042356
