[General]
Map=eur25nuts1
[Values]
AT=0.998397589
BE=1.008574724
CZ=1.00771606
DE=0.982097924
DK=1.01074791
ES=0.977374077
FL=0.976463735
FR=0.986309767
GR=0.978400826
HU=1.031319976
I=0.992796421
IRL=0.947433591
LU=1.008574724
NL=0.99580729
P=0.974946141
PL=1.016860485
SE=1.005565405
SK=0.996192217
SL=1.008318305
UK=0.987521589
