[General]
Map=eur25nuts1
[Values]
AT=1.336734891
BE=1.262151718
CZ=1.57403791
DE=1.24503231
DK=1.34479177
ES=1.492606163
FL=1.342303038
FR=1.350990534
GR=1.347801805
HU=1.623492599
I=1.18872726
IRL=1.567768693
LU=1.262151718
NL=1.37132585
P=1.285059214
PL=1.84923172
SE=1.31395793
SK=2.025489569
SL=1.164397001
UK=1.33304894
