[General]
Map=eur25nuts1
[Values]
AT=0.999738693
BE=0.999650598
CZ=1.001897931
DE=1.000592113
DK=0.999495208
ES=1.000174165
FL=1.000347495
FR=1.000136852
GR=0.998392105
HU=1.002607346
I=1.000448465
IRL=1.001312017
LU=0.999650598
NL=0.998732865
P=1.002475142
PL=0.997765779
SE=0.999910772
SK=1.000589132
SL=1.00261867
UK=0.999971747
