[General]
Map=eur25nuts1
[Values]
AT=0.989749372
BE=0.952206969
CZ=1.016458154
DE=0.950473011
DK=0.975642323
ES=0.919183314
FL=0.985207617
FR=0.950391531
GR=0.945276022
HU=1.079687834
I=0.994500041
IRL=0.873498797
LU=0.952206969
NL=0.974189758
P=0.921175599
PL=1.059094787
SE=0.988057733
SK=1.004703403
SL=1.015115619
UK=0.964183867
