[General]
Map=eur25nuts1
[Values]
AT=0.949839592
BE=1.220637083
CZ=1.100053787
DE=1.078310728
DK=1.30955863
ES=1.159740329
FL=1.249149919
FR=1.165204167
GR=1.088268995
HU=1.275370479
I=1.038912296
IRL=0.889563799
LU=1.220637083
NL=0.908820212
P=1.061128139
PL=1.155502915
SE=1.33099401
SK=1.201643348
SL=1.148748636
UK=1.101507068
