[General]
Map=eur25nuts1
[Values]
AT=1.011917472
BE=1.014765978
CZ=0.979087889
DE=1.00817585
DK=1.003040075
ES=1.022459388
FL=1.017106056
FR=1.038503408
GR=1.053398371
HU=1.11041069
I=1.011704922
IRL=1.053139925
LU=1.014765978
NL=1.027660251
P=1.031241536
PL=1.011724353
SE=1.005179405
SK=0.983820677
SL=0.993477046
UK=1.021259069
