[General]
Map=eur25nuts1
[Values]
AT=0.568922639
BE=0.485070705
CZ=1.063448906
DE=0.525264442
DK=0.428352535
ES=0.476662695
FL=0.534511864
FR=0.392025888
GR=0.645115495
HU=1.041867495
I=0.616372168
IRL=0.757114112
LU=0.485070705
NL=0.246989012
P=2.041496515
PL=1.126428246
SE=0.888894856
SK=1.129911304
SL=1.017044783
UK=0.650590062
