[General]
Map=eur25nuts1
[Values]
AT=1.017071128
BE=0.663538396
CZ=1.021255612
DE=0.814814985
DK=0.651460528
ES=0.892244995
FL=0.968040049
FR=0.841804385
GR=0.847536981
HU=1.250668526
I=0.888564527
IRL=0.63519901
LU=0.663538396
NL=0.467532068
P=0.917761028
PL=1.231979251
SE=0.849229813
SK=1.065476775
SL=1.061137795
UK=0.749121726
