[General]
Map=eur25nuts1
[Values]
AT=0.966365933
BE=0.964299142
CZ=1.004207492
DE=0.970882714
DK=0.995978892
ES=0.958357692
FL=0.951631725
FR=0.97125715
GR=0.957813621
HU=1.023967505
I=0.96986872
IRL=0.910399258
LU=0.964299142
NL=0.96002835
P=0.909794152
PL=1.013842702
SE=0.957982123
SK=0.994557023
SL=1.032597423
UK=0.962662101
