[General]
Map=eur25nuts1
[Values]
AT=0.469082594
BE=0.389173359
CZ=0.845733464
DE=0.487738997
DK=0.381325632
ES=0.322080284
FL=0.489088207
FR=0.367767692
GR=0.485414356
HU=0.811903656
I=0.620492637
IRL=0.429956526
LU=0.389173359
NL=0.216797084
P=3.19882822
PL=0.845908046
SE=0.741156876
SK=0.812095702
SL=1.022006392
UK=0.493532836
