[General]
Map=eur25nuts1
[Values]
AT=0.952397048
BE=1.020081401
CZ=0.986274183
DE=0.97899878
DK=1.045976758
ES=0.992776752
FL=1.073483944
FR=0.957962036
GR=0.982217968
HU=0.999164641
I=1.061567783
IRL=0.921821177
LU=1.020081401
NL=0.951732218
P=0.991585314
PL=0.993956566
SE=1.118231535
SK=0.973236382
SL=0.978435755
UK=0.99942112
