[General]
Map=eur25nuts1
[Values]
AT=1.010240078
BE=0.63699609
CZ=1.194616795
DE=0.734340429
DK=0.68362385
ES=1.004285574
FL=1.005158186
FR=0.888101101
GR=0.88575089
HU=1.479504824
I=0.8485502
IRL=0.564925671
LU=0.63699609
NL=0.507616758
P=0.969049573
PL=1.411698699
SE=0.832807183
SK=1.418924451
SL=1.094501734
UK=0.731576085
