[General]
Map=eur25nuts1
[Values]
AT=0.028278738
BE=0.020052679
CZ=0.055408068
DE=0.031181926
DK=0.040582798
ES=0.03984461
FL=0.034456633
FR=0.03404991
GR=0.125555933
HU=0.044721615
I=0.031003404
IRL=0.038868878
LU=0.020052679
NL=0.024712788
P=0.036844894
PL=0.075368702
SE=0.01803568
SK=0.052704878
SL=0.051631268
UK=0.026859894
