[General]
Map=eur25nuts1
[Values]
AT=0.008331609
BE=0.005257103
CZ=0.01326187
DE=0.004372438
DK=0.016630853
ES=0.006828516
FL=0.008143786
FR=0.007061215
GR=0.0095695
HU=0.011898375
I=0.005565653
IRL=0.008222815
LU=0.005257103
NL=0.004208528
P=0.005540499
PL=0.014907876
SE=0.003629744
SK=0.011563506
SL=0.009962294
UK=0.00549691
