[General]
Map=eur25nuts1
[Values]
AT=0.003555176
BE=0.002622665
CZ=0.007296988
DE=0.004171292
DK=0.004599995
ES=0.009913691
FL=0.0059415
FR=0.009223013
GR=0.038862843
HU=0.016549628
I=0.011020045
IRL=0.004605709
LU=0.002622665
NL=0.007248355
P=0.009813497
PL=0.013304526
SE=0.002117505
SK=0.006251724
SL=0.002323192
UK=0.002187522
