[General]
Map=eur25nuts1
[Values]
AT=0.016391953
BE=0.012172911
CZ=0.0348492
DE=0.022638194
DK=0.019351952
ES=0.023102401
FL=0.020371346
FR=0.01776568
GR=0.07712359
HU=0.016273608
I=0.014417705
IRL=0.026040355
LU=0.012172911
NL=0.013255904
P=0.021490898
PL=0.047156308
SE=0.012288431
SK=0.034889646
SL=0.039345779
UK=0.019175462
