[General]
Map=eur25nuts1
[Values]
AT=0.987864137
BE=0.628548265
CZ=1.023528814
DE=0.941593945
DK=1.207131386
ES=0.852762401
FL=0.89632231
FR=1.036556244
GR=0.830761969
HU=1.1298033
I=0.843752503
IRL=1.103462338
LU=0.628548265
NL=0.799634755
P=0.81115526
PL=0.998162448
SE=0.971722841
SK=0.95476985
SL=1.008915067
UK=0.845641375
