[General]
Map=eur25nuts1
[Values]
AT=0.990525961
BE=1.01316452
CZ=0.98570466
DE=1.020690799
DK=1.0277493
ES=0.988453567
FL=1.056803584
FR=1.019725919
GR=0.910800576
HU=0.997523606
I=1.02834177
IRL=1.335301518
LU=1.01316452
NL=0.931193829
P=0.937901974
PL=0.932636261
SE=1.027220964
SK=0.945910215
SL=0.973284841
UK=0.980465233
