[General]
Map=eur25nuts1
[Values]
AT=0.908104122
BE=0.93311137
CZ=0.896682024
DE=0.917190313
DK=1.278805733
ES=1.022515535
FL=0.915829897
FR=1.018024802
GR=0.975340903
HU=1.043743849
I=0.943177223
IRL=1.531066895
LU=0.93311137
NL=1.294432402
P=0.858739555
PL=0.935547173
SE=0.889442146
SK=0.893482268
SL=0.879986823
UK=0.950366735
