[General]
Map=eur25nuts1
[Values]
AT=0.925602734
BE=0.871962905
CZ=0.933592737
DE=0.9223122
DK=1.264045954
ES=0.987324893
FL=0.909265995
FR=1.022778749
GR=0.949964762
HU=1.070012689
I=0.916303813
IRL=1.375581622
LU=0.871962905
NL=1.176856875
P=0.848530591
PL=0.951220155
SE=0.908400595
SK=0.91093123
SL=0.909936607
UK=0.925475478
