[General]
Map=eur25nuts1
[Values]
AT=0.97649008
BE=0.929456115
CZ=0.945288479
DE=0.961491168
DK=1.016682029
ES=0.966074765
FL=0.981541038
FR=0.957269013
GR=0.981476963
HU=1.119023442
IRL=0.980627477
I=0.958247602
LU=0.929456115
NL=0.949545741
P=0.992596328
PL=0.984289885
SE=0.991407156
SK=0.934105217
SL=1.067650199
UK=0.969338834
