[General]
Map=eur25nuts1
[Values]
AT=1.147413015
BE=1.195001125
CZ=1.583191633
DE=1.143327951
DK=1.373800516
ES=1.304356933
FL=1.165818453
FR=1.211087584
GR=1.343075871
HU=1.959131956
I=1.079299331
IRL=1.417001128
LU=1.195001125
NL=1.227006316
P=1.176555037
PL=1.938913345
SE=1.185901165
SK=2.038268566
SL=1.434255362
UK=1.241092443
