[General]
Map=eur25nuts1
[Values]
AT=0.950547755
BE=0.971025765
CZ=0.990574002
DE=0.968537033
DK=0.927036941
ES=0.954214692
FL=0.906121135
FR=0.975165069
GR=0.963359475
HU=1.235465765
IRL=0.977049232
I=0.949334145
LU=0.971025765
NL=0.960774124
P=0.902657807
PL=1.021579862
SE=0.94627279
SK=0.954696476
SL=1.027709842
UK=0.977779627
