[General]
Map=eur25nuts1
[Values]
AT=1.00742054
BE=0.984290361
CZ=0.993302822
DE=1.002296925
DK=0.959983647
ES=1.010394573
FL=0.979323804
FR=1.037318349
GR=1.009538889
HU=1.001861215
I=0.993238628
IRL=1.081390262
LU=0.984290361
NL=1.00063467
P=1.013383269
PL=0.997566938
SE=1.007359982
SK=0.999790788
SL=0.997780085
UK=1.003251672
