[General]
Map=eur25nuts1
[Values]
AT=1.008517027
BE=0.96458137
CZ=1.00472796
DE=0.957557559
DK=1.00894618
ES=0.969663382
FL=1.014885902
FR=0.955501914
GR=0.922815084
HU=1.080180407
I=0.942262173
IRL=0.809723496
LU=0.96458137
NL=0.917521894
P=0.962956488
PL=1.041724086
SE=1.028427839
SK=1.010371089
SL=1.065282583
UK=0.916853487
