[General]
Map=eur25nuts1
[Values]
AT=0.984201193
BE=1.006104112
CZ=1.003253579
DE=0.975251734
DK=1.01540482
ES=0.969479203
FL=0.964247644
FR=0.978533089
GR=0.978355765
HU=1.003359795
I=0.993839681
IRL=0.87876749
LU=1.006104112
NL=1.005291462
P=0.983899295
PL=1.004682779
SE=1.000228524
SK=0.995876968
SL=1.00325799
UK=0.981904566
