[General]
Map=eur25nuts1
[Values]
AT=0.976455748
BE=0.951442242
CZ=0.982158601
DE=0.987867475
DK=1.01258266
ES=0.978491843
FL=1.012715578
FR=0.989308178
GR=1.005122304
HU=0.997496247
I=0.992244422
IRL=0.939084053
LU=0.951442242
NL=0.99661833
P=0.990068316
PL=0.976802051
SE=1.009336352
SK=0.971261859
SL=1.004996777
UK=0.990288258
