[General]
Map=eur25nuts1
[Values]
AT=1.693555236
BE=1.577889681
CZ=1.750837088
DE=1.534824371
DK=1.666471958
ES=1.918855786
FL=1.676615238
FR=1.760649323
GR=1.671236277
HU=1.769425988
I=1.53629601
IRL=1.964259505
LU=1.577889681
NL=1.656724095
P=1.562366128
PL=1.983808994
SE=1.621794939
SK=2.117732763
SL=1.420309305
UK=1.616735935
