[General]
Map=eur25nuts1
[Values]
AT=1.006165266
BE=1.009474993
CZ=0.972275436
DE=0.998680353
DK=0.968166232
ES=0.998189807
FL=0.96216476
FR=0.992086232
GR=0.996314704
HU=0.953891993
I=0.993667006
IRL=1.151790738
LU=1.009474993
NL=1.033143759
P=1.051807404
PL=0.976082563
SE=0.973009646
SK=0.973657966
SL=1.030058503
UK=1.022511005
