[General]
Map=eur25nuts1
[Values]
AT=1.197279453
BE=1.360921979
CZ=1.250048399
DE=1.206744671
DK=1.426965475
ES=1.469986558
FL=1.40207386
FR=1.385751009
GR=1.204381585
HU=1.270848989
I=1.124581337
IRL=0.907408416
LU=1.360921979
NL=1.256308556
P=1.398483038
PL=1.327244282
SE=1.393801093
SK=1.380179167
SL=1.192005634
UK=1.183085084
