[General]
Map=eur25nuts1
[Values]
AT=1.003916502
BE=0.991669655
CZ=0.983353436
DE=0.989363015
DK=0.986184418
ES=0.987904012
FL=0.9813959
FR=0.982034504
GR=0.984527409
HU=1.009418607
I=0.982292175
IRL=1.053437352
LU=0.991669655
NL=0.999601424
P=1.018941283
PL=0.996760905
SE=0.989900291
SK=0.98440516
SL=1.037093282
UK=0.99696207
