[General]
Map=eur25nuts1
[Values]
AT=0.967713773
BE=0.983360708
CZ=0.996856272
DE=0.966124237
DK=0.992261708
ES=0.952241778
FL=0.964829743
FR=0.964408457
GR=0.982840121
HU=0.997035682
I=0.974353611
IRL=0.977551639
LU=0.983360708
NL=1.02003932
P=0.991270542
PL=1.002415061
SE=0.967804134
SK=0.984103143
SL=1.01698184
UK=0.960588753
