[General]
Map=eur25nuts1
[Values]
AT=0.998728335
BE=0.98971504
CZ=0.996889412
DE=0.99335295
DK=0.982266009
ES=0.99118799
FL=0.973895669
FR=1.009538174
GR=0.999298036
HU=1.002258062
I=0.989935577
IRL=1.026818156
LU=0.98971504
NL=1.004602313
P=1.001947999
PL=1.001017213
SE=1.002872109
SK=0.997368276
SL=1.000989079
UK=0.996346772
