[General]
Map=eur25nuts1
[Values]
AT=1.000314474
BE=1.001288891
CZ=1.001360416
DE=1.000134826
DK=0.999681294
ES=1.000520468
FL=1.000815868
FR=0.99676615
GR=1.000743866
HU=1.000568748
I=1.000979185
IRL=1.002126694
LU=1.001288891
NL=1.000167131
P=1.000854254
PL=1.00019002
SE=0.998947501
SK=1.001155853
SL=1.000263453
UK=1.000178337
