[General]
Map=eur25nuts1
[Values]
AT=1.408648252
BE=1.306068063
CZ=1.450166464
DE=1.402093649
DK=1.465187311
ES=1.618173718
FL=1.404764533
FR=1.477434874
GR=1.419992924
HU=1.302359343
I=1.309010863
IRL=1.737001777
LU=1.306068063
NL=1.486883879
P=1.49864006
PL=1.5325104
SE=1.427273631
SK=1.62145102
SL=1.370228529
UK=1.452641129
