[General]
Map=eur25nuts1
[Values]
AT=1.236173511
BE=1.257677794
CZ=1.140119314
DE=1.268634558
DK=1.341236472
ES=1.330239892
FL=1.318572879
FR=1.370553732
GR=1.326815009
HU=1.195899129
I=1.206579685
IRL=1.183992743
LU=1.257677794
NL=1.260421515
P=1.342873216
PL=1.26000452
SE=1.378128529
SK=1.161130428
SL=1.197197199
UK=1.307062864
