[General]
Map=eur25nuts1
[Values]
AT=0.99972564
BE=0.99980402
CZ=1.001715899
DE=1.000417233
DK=0.999302626
ES=1.000153422
FL=1.000128627
FR=0.999933541
GR=0.998313904
HU=1.002177358
I=1.000217676
IRL=1.000908136
LU=0.99980402
NL=0.998825967
P=1.000909448
PL=0.997642517
SE=0.999704182
SK=1.000554085
SL=1.002821684
UK=0.999962449
