[General]
Map=eur25nuts1
[Values]
AT=1.511839986
BE=1.292147636
CZ=1.607090354
DE=1.480743885
DK=1.511019826
ES=1.76378572
FL=1.415574551
FR=1.553756833
GR=1.505179882
HU=1.375788331
I=1.409323454
IRL=2.15463686
LU=1.292147636
NL=1.645309687
P=1.585583687
PL=1.694935322
SE=1.442191601
SK=1.821558475
SL=1.464826345
UK=1.555639863
