[General]
Map=eur25nuts1
[Values]
AT=1.208445191
BE=1.312150955
CZ=1.146083593
DE=1.280165553
DK=1.391227007
ES=1.375817418
FL=1.413900733
FR=1.400726557
GR=1.207021832
HU=1.217965364
I=1.250568032
IRL=0.936300039
LU=1.312150955
NL=1.090270519
P=1.240806699
PL=1.176077843
SE=1.479253292
SK=1.175678134
SL=1.244778156
UK=1.258837104
