[General]
Map=eur25nuts1
[Values]
AT=0.977567554
BE=0.950429201
CZ=1.012130499
DE=0.952690363
DK=1.01878953
ES=0.923972249
FL=0.975041449
FR=0.940281451
GR=0.944779158
HU=1.044676304
I=1.0001477
IRL=0.787432432
LU=0.950429201
NL=1.033131242
P=0.944177449
PL=1.029002547
SE=0.989124656
SK=1.007084727
SL=1.006511807
UK=0.959223866
