[General]
Map=eur25nuts1
[Values]
AT=0.949278176
BE=0.954804361
CZ=1.003671765
DE=0.945287466
DK=0.989058912
ES=0.958060026
FL=0.940422118
FR=0.939906776
GR=0.969631732
HU=0.993740261
I=0.964173198
IRL=0.87152338
LU=0.954804361
NL=0.982741535
P=0.955062747
PL=1.004633307
SE=0.943157434
SK=0.99541676
SL=1.043907285
UK=0.938661218
