[General]
Map=eur25nuts1
[Values]
AT=1.031666875
BE=0.678185999
CZ=1.022156239
DE=0.819634736
DK=0.690645278
ES=0.894879878
FL=0.962718487
FR=0.828349471
GR=0.84887594
HU=1.20950973
I=0.882080376
IRL=0.666243374
LU=0.678185999
NL=0.58299613
P=0.898275733
PL=1.192715406
SE=0.838385403
SK=1.071664095
SL=1.049200654
UK=0.742295325
