[General]
Map=eur25nuts1
[Values]
AT=0.967602432
BE=1.053123355
CZ=0.987619519
DE=0.992444873
DK=1.036890388
ES=0.99664247
FL=1.050000429
FR=0.981035829
GR=0.995205581
HU=1.001140833
I=1.037609935
IRL=0.928403199
LU=1.053123355
NL=1.048395395
P=0.994637012
PL=0.990371466
SE=1.066813946
SK=0.972224116
SL=0.989921927
UK=1.001537085
