[General]
Map=eur25nuts1
[Values]
AT=0.638750672
BE=0.587716341
CZ=1.079465747
DE=0.644340634
DK=0.501240075
ES=0.591892481
FL=0.676579058
FR=0.469627261
GR=0.851438284
HU=0.991335094
I=0.740415037
IRL=0.949453115
LU=0.587716341
NL=0.291706562
P=2.000280619
PL=1.146638513
SE=1.019982815
SK=1.091846466
SL=1.169842362
UK=0.773253739
