[General]
Map=eur25nuts1
[Values]
AT=1.154790521
BE=0.84107101
CZ=1.382618785
DE=0.912061453
DK=1.016150117
ES=1.395825505
FL=1.194253087
FR=1.162977457
GR=1.10734129
HU=1.459887743
I=1.048818588
IRL=0.63988018
LU=0.84107101
NL=0.700378001
P=1.266293287
PL=1.514958024
SE=0.983322501
SK=1.544760823
SL=1.286967993
UK=0.890048742
