[General]
Map=eur25nuts1
[Values]
AT=1.007240534
BE=1.019902825
CZ=0.968761265
DE=1.009355068
DK=1.01229775
ES=1.022424459
FL=1.021759868
FR=1.040706158
GR=1.027398825
HU=1.083394885
I=1.00406599
IRL=1.045077443
LU=1.019902825
NL=1.05580318
P=1.024966836
PL=1.010897279
SE=1.014191628
SK=0.976377666
SL=0.993454337
UK=1.008891344
