[General]
Map=eur25nuts1
[Values]
AT=0.558542073
BE=0.354220182
CZ=0.872552156
DE=0.480456501
DK=0.348587573
ES=0.319420338
FL=0.484451622
FR=0.431774646
GR=0.578907669
HU=0.787430108
I=0.661124945
IRL=0.426333845
LU=0.354220182
NL=0.199845448
P=3.006846666
PL=0.857450485
SE=0.705286384
SK=0.846582532
SL=1.040815473
UK=0.549719751
