[General]
Map=eur25nuts1
[Values]
AT=0.003464261
BE=0.002633914
CZ=0.007728205
DE=0.004272145
DK=0.005028493
ES=0.008485396
FL=0.005722992
FR=0.008908637
GR=0.030468324
HU=0.015316723
I=0.009700246
IRL=0.004327555
LU=0.002633914
NL=0.006560165
P=0.009929915
PL=0.013070126
SE=0.002241274
SK=0.006488794
SL=0.003686528
UK=0.002028363
