[General]
Map=eur25nuts1
[Values]
AT=0.007973868
BE=0.006355237
CZ=0.016907055
DE=0.004622464
DK=0.018852985
ES=0.007600521
FL=0.009066731
FR=0.007202061
GR=0.008798302
HU=0.015403148
I=0.005074397
IRL=0.008264092
LU=0.006355237
NL=0.00539951
P=0.005162152
PL=0.019775238
SE=0.003861373
SK=0.016721303
SL=0.012763841
UK=0.005402714
