[General]
Map=eur25nuts1
[Values]
AT=0.01405631
BE=0.010288128
CZ=0.031995263
DE=0.018901484
DK=0.016471555
ES=0.01950652
FL=0.016137108
FR=0.014501342
GR=0.064383797
HU=0.01410433
I=0.011909141
IRL=0.024591437
LU=0.010288128
NL=0.011357718
P=0.016319554
PL=0.045014251
SE=0.009598298
SK=0.032929566
SL=0.034921389
UK=0.016406005
