[General]
Map=eur25nuts1
[Values]
AT=0.02549444
BE=0.01927728
CZ=0.056630518
DE=0.027796093
DK=0.04035303
ES=0.035592437
FL=0.030926831
FR=0.030612042
GR=0.103650421
HU=0.044824205
I=0.026683781
IRL=0.03718308
LU=0.01927728
NL=0.023317393
P=0.031411622
PL=0.07785961
SE=0.015700946
SK=0.056139659
SL=0.051371757
UK=0.023837084
