[General]
Map=eur25nuts1
[Values]
AT=0.997475147
BE=0.648066282
CZ=1.006013393
DE=0.951744497
DK=1.215758801
ES=0.851628482
FL=0.901096463
FR=1.054138541
GR=0.831614852
HU=1.084334016
I=0.839659572
IRL=1.057902336
LU=0.648066282
NL=0.848906696
P=0.787148297
PL=0.986089051
SE=0.987061977
SK=0.94146961
SL=0.990248203
UK=0.846308708
