[General]
Map=eur25nuts1
[Values]
AT=0.985679388
BE=1.010503173
CZ=0.993358731
DE=1.013020515
DK=1.024039745
ES=0.984520018
FL=1.051748514
FR=1.013819695
GR=0.899206221
HU=1.002443314
I=1.027573347
IRL=1.358710408
LU=1.010503173
NL=0.926947057
P=0.930366337
PL=0.936300933
SE=1.019035459
SK=0.951502383
SL=0.968084753
UK=0.971172452
