[General]
Map=eur25nuts1
[Values]
AT=0.9290663
BE=0.958217442
CZ=0.891649067
DE=0.945813596
DK=1.352643728
ES=1.031373858
FL=0.946806192
FR=1.065970182
GR=0.963207066
HU=1.034699082
I=0.967532754
IRL=1.599576592
LU=0.958217442
NL=1.325112224
P=0.861018598
PL=0.929692328
SE=0.943588316
SK=0.883213997
SL=0.871555209
UK=0.979863822
