[General]
Map=eur25nuts1
[Values]
AT=0.943150997
BE=0.898627281
CZ=0.924172521
DE=0.947020054
DK=1.326031566
ES=0.994910896
FL=0.932123601
FR=1.063057661
GR=0.940608501
HU=1.04964149
I=0.934265554
IRL=1.406318903
LU=0.898627281
NL=1.214801073
P=0.845452785
PL=0.943564236
SE=0.95302999
SK=0.899932861
SL=0.89916575
UK=0.948969781
