[General]
Map=eur25nuts1
[Values]
AT=0.981120467
BE=0.941323042
CZ=0.945628405
DE=0.959366739
DK=1.00636363
ES=0.968206763
FL=0.981717408
FR=0.958049893
GR=0.980552435
HU=1.078113198
IRL=0.976342678
I=0.964861035
LU=0.941323042
NL=0.94285661
P=0.9795385
PL=0.980843842
SE=0.999814808
SK=0.93967557
SL=1.070950031
UK=0.969521999
