[General]
Map=eur25nuts1
[Values]
AT=0.926849842
BE=0.936152041
CZ=0.972622395
DE=0.949984014
DK=0.882637203
ES=0.9258793
FL=0.867051959
FR=0.960856616
GR=0.930457234
HU=0.988265216
IRL=0.963570058
I=0.912846804
LU=0.936152041
NL=0.936760247
P=0.876563907
PL=0.996484578
SE=0.931700945
SK=0.931129813
SL=1.018744349
UK=0.967008233
