[General]
Map=eur25nuts1
[Values]
AT=1.433393717
BE=1.606931567
CZ=1.880274892
DE=1.421627045
DK=1.897362828
ES=1.709335327
FL=1.493877888
FR=1.581303358
GR=1.585054636
HU=1.923210382
I=1.353969097
IRL=1.751999021
LU=1.606931567
NL=1.53597486
P=1.493195295
PL=2.160419941
SE=1.496486664
SK=2.272151947
SL=2.037945747
UK=1.507369041
