[General]
Map=eur25nuts1
[Values]
AT=1.000559688
BE=0.991791785
CZ=0.994380176
DE=1.001153708
DK=0.988707542
ES=1.005284667
FL=0.998285055
FR=1.013749957
GR=1.004339099
HU=0.987108767
I=1.001644492
IRL=1.035251856
LU=0.991791785
NL=1.006686926
P=1.010936975
PL=0.993806422
SE=1.001900554
SK=0.999224067
SL=0.996493697
UK=1.001324773
