[General]
Map=eur25nuts1
[Values]
AT=1.176716805
BE=1.140148163
CZ=1.195683956
DE=1.140355825
DK=1.174911618
ES=1.2365973
FL=1.179671884
FR=1.189349055
GR=1.182707906
HU=1.189812064
I=1.13784349
IRL=1.24915731
LU=1.140148163
NL=1.170763254
P=1.151522756
PL=1.239509583
SE=1.161240101
SK=1.276102185
SL=1.121649027
UK=1.163533211
