[General]
Map=eur25nuts1
[Values]
AT=1.014532566
BE=1.009653687
CZ=1.01771915
DE=0.991172016
DK=1.007831812
ES=0.995395541
FL=1.001853585
FR=0.991930306
GR=0.98220408
HU=1.051732183
I=0.991130888
IRL=1.006460667
LU=1.009653687
NL=1.007207751
P=0.990426719
PL=1.029623628
SE=1.010567307
SK=1.013849378
SL=1.012518287
UK=0.99765569
