[General]
Map=eur25nuts1
[Values]
AT=0.999790847
BE=0.999823153
CZ=1.001874804
DE=0.999928832
DK=0.999886036
ES=1.000050187
FL=0.999938726
FR=0.999998152
GR=0.999549806
HU=1.001982212
I=1.000039816
IRL=1.000214458
LU=0.999823153
NL=0.999494255
P=0.999838769
PL=0.997951031
SE=0.999782443
SK=1.000900507
SL=1.003554702
UK=0.999903679
