[General]
Map=eur25nuts1
[Values]
AT=1.000283122
BE=1.000626802
CZ=1.0005337
DE=1.000116467
DK=1.000104308
ES=1.000535131
FL=1.000643015
FR=0.999121904
GR=1.000192404
HU=1.000269532
I=1.000319004
IRL=1.001528025
LU=1.000626802
NL=1.000278234
P=1.000713348
PL=1.000305653
SE=0.99978596
SK=1.000664711
SL=1.000101686
UK=1.000177979
