[General]
Map=eur25nuts1
[Values]
AT=0.99451369
BE=0.987947464
CZ=1.003679872
DE=0.996982872
DK=0.998221219
ES=0.993624806
FL=0.999305367
FR=0.995843768
GR=1.004058599
HU=1.002762318
I=0.996498108
IRL=0.990396321
LU=0.987947464
NL=0.993950784
P=0.995191932
PL=0.988016605
SE=0.995159149
SK=0.995881915
SL=1.015091538
UK=0.997458398
