[General]
Map=eur25nuts1
[Values]
AT=1.009510875
BE=1.002044201
CZ=0.97826159
DE=1.00217092
DK=0.995760322
ES=0.999136686
FL=0.99474299
FR=0.999019146
GR=0.999017298
HU=0.974751651
I=1.001600504
IRL=1.035146713
LU=1.002044201
NL=1.010546446
P=0.998529494
PL=0.982572019
SE=0.994960189
SK=0.983460784
SL=1.041008234
UK=1.002754807
