[General]
Map=eur25nuts1
[Values]
AT=1.002876401
BE=0.997332633
CZ=0.995477021
DE=0.998806477
DK=0.999846816
ES=0.997231543
FL=0.997152627
FR=0.9967466
GR=0.997122705
HU=1.021294236
I=0.996678293
IRL=1.010705948
LU=0.997332633
NL=1.000017285
P=0.996986985
PL=1.004880905
SE=0.993880689
SK=0.996083796
SL=1.048641801
UK=0.99887532
