[General]
Map=eur25nuts1
[Values]
AT=0.985565424
BE=0.991994202
CZ=1.008739591
DE=0.991467953
DK=0.988488019
ES=0.991064966
FL=0.987281799
FR=0.99159646
GR=1.010810256
HU=1.03270638
I=0.991227269
IRL=1.04253602
LU=0.991994202
NL=1.019360542
P=1.012604356
PL=1.018097639
SE=0.981477857
SK=1.003930807
SL=1.00985074
UK=0.988989949
