[General]
Map=eur25nuts1
[Values]
AT=1.002627492
BE=0.996341884
CZ=1.002788901
DE=0.998131633
DK=0.995391488
ES=1.000474811
FL=0.99829644
FR=1.004236937
GR=1.00080514
HU=1.02035141
I=0.99748379
IRL=1.026834607
LU=0.996341884
NL=1.008708119
P=1.005155444
PL=1.007623553
SE=1.00288415
SK=1.003966451
SL=1.001781583
UK=0.999814212
