[General]
Map=eur25nuts1
[Values]
AT=1.041223884
BE=1.036627173
CZ=1.02407968
DE=1.054473996
DK=1.104471922
ES=1.093430758
FL=1.074198246
FR=1.084684372
GR=1.119285941
HU=1.072012901
I=1.034363747
IRL=1.099863768
LU=1.036627173
NL=1.059589744
P=1.115640759
PL=1.063020706
SE=1.080455184
SK=1.026192904
SL=1.02688694
UK=1.076356649
