[General]
Map=eur25nuts1
[Values]
AT=0.987953484
BE=0.98900485
CZ=1.02744472
DE=0.988611817
DK=1.006860852
ES=0.995157361
FL=1.002506733
FR=0.992637157
GR=0.986053228
HU=1.084159732
I=0.983880818
IRL=0.963709056
LU=0.98900485
NL=0.978352427
P=0.994724035
PL=1.052165866
SE=0.990756571
SK=1.022423029
SL=1.079155922
UK=0.988153577
