[General]
Map=eur25nuts1
[Values]
AT=1.107717037
BE=1.061047316
CZ=1.112185836
DE=1.095818758
DK=1.125516772
ES=1.165457368
FL=1.108292937
FR=1.116343379
GR=1.119056106
HU=1.095806599
I=1.078742266
IRL=1.178571343
LU=1.061047316
NL=1.124613643
P=1.119858623
PL=1.142780304
SE=1.096555233
SK=1.155317664
SL=1.119997501
UK=1.106811047
