[General]
Map=eur25nuts1
[Values]
AT=1.142657042
BE=1.060150027
CZ=1.137170553
DE=1.122303486
DK=1.115228534
ES=1.196895838
FL=1.122388005
FR=1.147474766
GR=1.139662743
HU=1.06558907
I=1.115749121
IRL=1.258710504
LU=1.060150027
NL=1.175205708
P=1.141422272
PL=1.161872864
SE=1.117245436
SK=1.1914047
SL=1.158230901
UK=1.129804134
