[General]
Map=eur25nuts1
[Values]
AT=1.03740871
BE=1.072930813
CZ=1.092602253
DE=1.027368784
DK=1.147040963
ES=1.137715578
FL=1.083862782
FR=1.070706487
GR=1.051157594
HU=1.142835855
I=1.013993502
IRL=1.026708126
LU=1.072930813
NL=1.041911602
P=1.079025388
PL=1.135120511
SE=1.046376467
SK=1.120377302
SL=1.053915381
UK=1.04759562
