[General]
Map=eur25nuts1
[Values]
AT=0.938702464
BE=0.94832164
CZ=1.012861371
DE=0.967975736
DK=0.98960501
ES=0.966987133
FL=0.948250413
FR=0.967630923
GR=0.963853657
HU=1.066817641
I=0.96167016
IRL=0.986916125
LU=0.94832164
NL=0.94845134
P=0.886659324
PL=1.028924465
SE=0.939468801
SK=1.010258555
SL=1.028612494
UK=0.980488002
