[General]
Map=eur25nuts1
[Values]
AT=0.999615788
BE=0.957877338
CZ=1.030694127
DE=0.966463387
DK=0.95624572
ES=0.944247901
FL=0.998219609
FR=0.953352869
GR=0.953834355
HU=1.105831861
I=0.989940524
IRL=0.961175203
LU=0.957877338
NL=1.025481582
P=0.964028656
PL=1.086086392
SE=0.990001619
SK=1.030694723
SL=1.014368176
UK=0.978827
