[General]
Map=eur25nuts1
[Values]
AT=0.991984487
BE=0.999961436
CZ=1.044292927
DE=0.995490313
DK=0.677955031
ES=0.9974702
FL=0.950802922
FR=0.957076907
GR=0.9933424
HU=1.005280614
I=0.995551646
IRL=0.994419396
LU=0.999961436
NL=0.637708724
P=0.562456131
PL=0.999473453
SE=0.827582061
SK=1.050172448
SL=1.303414345
UK=0.994159579
