[General]
Map=eur25nuts1
[Values]
AT=0.970929682
BE=0.935942888
CZ=1.118863702
DE=0.961135149
DK=0.938716412
ES=0.983377934
FL=0.992671311
FR=0.969265997
GR=0.973711133
HU=1.284657001
I=0.963974237
IRL=0.929983437
LU=0.935942888
NL=0.894241631
P=0.988085449
PL=1.250871301
SE=0.934839845
SK=1.142733574
SL=1.08853054
UK=0.968504548
