[General]
Map=eur25nuts1
[Values]
AT=1.000041962
BE=0.999885321
CZ=0.995765805
DE=1.000291109
DK=1.015320778
ES=0.999377131
FL=1.00149703
FR=1.004023314
GR=1.000542998
HU=0.998719215
I=1.000173926
IRL=0.999427795
LU=0.999885321
NL=1.047412515
P=1.018355012
PL=1.000378013
SE=1.009031415
SK=0.99759692
SL=0.997132659
UK=1.000537753
