[General]
Map=eur25nuts1
[Values]
AT=0.999971628
BE=0.942764163
CZ=1.230981469
DE=0.95905143
DK=1.005930901
ES=1.097480893
FL=1.061875224
FR=1.016049862
GR=1.032389402
HU=1.41144371
I=0.999490499
IRL=0.972312987
LU=0.942764163
NL=0.987161458
P=1.062413573
PL=1.400396109
SE=0.965170622
SK=1.290341139
SL=1.117493987
UK=1.008732915
