[General]
Map=eur25nuts1
[Values]
AT=1.01168406
BE=1.042090416
CZ=1.093252063
DE=1.030051947
DK=0.85507232
ES=1.025111556
FL=1.038830519
FR=0.961838841
GR=1.052233458
HU=1.059931278
I=1.019025683
IRL=1.000952244
LU=1.042090416
NL=1.019649863
P=0.645038843
PL=1.055181503
SE=1.006855488
SK=1.101903319
SL=1.345021248
UK=1.043037534
