[General]
Map=eur25nuts1
[Values]
AT=0.976275563
BE=0.994317055
CZ=1.021769285
DE=1.024231434
DK=1.113010168
ES=1.078915834
FL=1.032652497
FR=1.06451726
GR=1.036767244
HU=1.091741204
I=0.995172322
IRL=1.01882863
LU=0.994317055
NL=0.936452687
P=0.959724486
PL=1.05039835
SE=1.03801024
SK=1.015592694
SL=0.987697005
UK=1.04737103
