[General]
Map=eur25nuts1
[Values]
AT=0.992705226
BE=0.997545779
CZ=1.002443075
DE=0.994480729
DK=1.003256559
ES=0.997537315
FL=0.998816431
FR=0.991441011
GR=0.993511677
HU=0.98826313
I=0.996138275
IRL=0.984892666
LU=0.997545779
NL=0.99771446
P=0.997250557
PL=0.991725147
SE=1.007667542
SK=0.974114358
SL=0.988650143
UK=0.995721996
