[General]
Map=eur25nuts1
[Values]
AT=0.010779473
BE=0.00791172
CZ=0.02067754
DE=0.005813513
DK=0.019494694
ES=0.009735802
FL=0.009552479
FR=0.009329284
GR=0.013162982
HU=0.016278479
I=0.00738177
IRL=0.011230377
LU=0.00791172
NL=0.007098335
P=0.00600902
PL=0.024251333
SE=0.004572289
SK=0.015816832
SL=0.018383758
UK=0.007898045
