[General]
Map=eur25nuts1
[Values]
AT=0.036276393
BE=0.028515723
CZ=0.076080792
DE=0.03912288
DK=0.050787874
ES=0.053818472
FL=0.046738368
FR=0.043006252
GR=0.147806421
HU=0.060394052
I=0.039109204
IRL=0.042003904
LU=0.028515723
NL=0.03539069
P=0.045391575
PL=0.105638444
SE=0.024459373
SK=0.07186877
SL=0.064177252
UK=0.033912115
