[General]
Map=eur25nuts1
[Values]
AT=0.004784678
BE=0.003586391
CZ=0.010260844
DE=0.004965495
DK=0.005162746
ES=0.013876185
FL=0.007042435
FR=0.010738594
GR=0.040637251
HU=0.021907724
I=0.013867181
IRL=0.005998963
LU=0.003586391
NL=0.009955177
P=0.011860022
PL=0.020833507
SE=0.002352386
SK=0.007928389
SL=0.003100109
UK=0.002567823
