[General]
Map=eur25nuts1
[Values]
AT=0.020712242
BE=0.017017612
CZ=0.045142412
DE=0.028343873
DK=0.02613043
ES=0.030206483
FL=0.030143455
FR=0.022938376
GR=0.094006196
HU=0.022207845
I=0.017860252
IRL=0.024774564
LU=0.017017612
NL=0.018337177
P=0.027522532
PL=0.060553603
SE=0.017534697
SK=0.048123546
SL=0.042693388
UK=0.023446247
