[General]
Map=eur25nuts1
[Values]
AT=0.993720889
BE=1.013976574
CZ=0.991055727
DE=1.018210411
DK=1.029175043
ES=0.985801518
FL=1.049709558
FR=1.012787342
GR=0.92213583
HU=1.004844546
I=1.026040077
IRL=1.288741231
LU=1.013976574
NL=0.942272842
P=0.942483664
PL=0.958081663
SE=1.032075644
SK=0.957274199
SL=0.981215358
UK=0.984122097
