[General]
Map=eur25nuts1
[Values]
AT=0.930680215
BE=0.891064107
CZ=0.950227976
DE=0.93344754
DK=1.229454756
ES=0.986079276
FL=0.910394788
FR=1.030812502
GR=0.956420541
HU=1.074049473
I=0.927950859
IRL=1.288750768
LU=0.891064107
NL=1.180320978
P=0.850344241
PL=0.975973129
SE=0.897973597
SK=0.92733115
SL=0.933600307
UK=0.924647868
