[General]
Map=eur25nuts1
[Values]
AT=0.90339148
BE=0.915739059
CZ=0.89942354
DE=0.909221828
DK=1.231802464
ES=1.016229153
FL=0.857821524
FR=1.003513217
GR=0.980946481
HU=1.053182006
I=0.954741001
IRL=1.351373911
LU=0.915739059
NL=1.260170102
P=0.866480827
PL=0.950096488
SE=0.866673648
SK=0.891886473
SL=0.890132666
UK=0.926473737
