[General]
Map=eur25nuts1
[Values]
AT=1.011149049
BE=0.81889075
CZ=1.05153811
DE=1.005088925
DK=1.222203493
ES=0.890500844
FL=0.998164356
FR=1.094067812
GR=0.867818773
HU=1.11561203
I=0.863276958
IRL=1.210559011
LU=0.81889075
NL=0.98260361
P=0.796870232
PL=1.039836168
SE=0.989445925
SK=1.00536418
SL=1.048417568
UK=0.920018554
