[General]
Map=eur25nuts1
[Values]
AT=0.990954459
BE=0.983419955
CZ=0.984229147
DE=0.989638925
DK=0.993187785
ES=0.990262926
FL=0.991454959
FR=0.984121919
GR=0.998704672
HU=1.10711658
IRL=0.991785765
I=0.985417724
LU=0.983419955
NL=0.989069879
P=0.991611004
PL=1.0039047
SE=0.988331437
SK=0.979094386
SL=1.118924737
UK=0.989853799
