[General]
Map=eur25nuts1
[Values]
AT=0.951383412
BE=0.973584235
CZ=1.014446378
DE=0.974234998
DK=0.96441102
ES=0.974047542
FL=0.937916517
FR=0.980460644
GR=0.993443251
HU=1.288915515
IRL=0.982138097
I=0.974995434
LU=0.973584235
NL=0.973400056
P=0.930092216
PL=1.037636757
SE=0.95093596
SK=1.010383368
SL=1.035206556
UK=0.983776152
