[General]
Map=eur25nuts1
[Values]
AT=1.059945822
BE=1.087573767
CZ=1.217976809
DE=1.083619833
DK=1.15323925
ES=1.172165751
FL=1.070425034
FR=1.122635603
GR=1.167951226
HU=1.57444334
I=1.067896843
IRL=1.156287313
LU=1.087573767
NL=1.086010933
P=1.086018443
PL=1.339565277
SE=1.053990841
SK=1.290914774
SL=1.450583935
UK=1.115945339
