[General]
Map=eur25nuts1
[Values]
AT=0.990448296
BE=0.991828918
CZ=1.006586671
DE=0.99488312
DK=0.990180671
ES=0.992507935
FL=0.99301976
FR=0.995951772
GR=1.012854457
HU=1.033851981
I=0.991939068
IRL=1.045754552
LU=0.991828918
NL=1.015855551
P=1.014498949
PL=1.019078255
SE=0.991370022
SK=1.00121367
SL=1.010447264
UK=0.991723716
