[General]
Map=eur25nuts1
[Values]
AT=1.01513195
BE=1.012429118
CZ=1.014939547
DE=0.988792181
DK=1.008044124
ES=0.987566113
FL=1.00149858
FR=0.991852403
GR=0.980010986
HU=1.061414242
I=0.99135232
IRL=1.014211893
LU=1.012429118
NL=0.993379653
P=0.977785587
PL=1.031683207
SE=1.010784149
SK=1.002623677
SL=1.015095353
UK=0.994177938
