[General]
Map=eur25nuts1
[Values]
AT=0.999816716
BE=0.999218345
CZ=1.002027631
DE=1.00031817
DK=0.999720812
ES=1.000011921
FL=0.999937713
FR=1.000148535
GR=0.998929083
HU=1.00246954
I=1.000434995
IRL=1.000638843
LU=0.999218345
NL=0.999019682
P=1.000047803
PL=0.997841358
SE=0.99988085
SK=1.00091064
SL=1.003011703
UK=0.999829769
