[General]
Map=eur25nuts1
[Values]
AT=1.00875783
BE=0.983517408
CZ=0.972731113
DE=0.999110937
DK=0.979390264
ES=0.995875657
FL=0.978280902
FR=0.987745106
GR=0.997153699
HU=0.960618079
I=0.990197599
IRL=1.098986149
LU=0.983517408
NL=1.020492911
P=1.000685453
PL=0.974892735
SE=0.981091917
SK=0.976715505
SL=1.038159251
UK=1.00340879
