[General]
Map=eur25nuts1
[Values]
AT=1.18812716
BE=1.054849386
CZ=1.327721596
DE=1.149074435
DK=1.155459046
ES=1.314930677
FL=1.146302104
FR=1.174121141
GR=1.188598156
HU=1.198450327
I=1.101815581
IRL=1.471674562
LU=1.054849386
NL=1.265720725
P=1.19980824
PL=1.413929701
SE=1.147734761
SK=1.520219922
SL=1.179597974
UK=1.201595306
