[General]
Map=eur25nuts1
[Values]
AT=0.978601515
BE=0.96091634
CZ=1.014372349
DE=0.967381716
DK=1.014179587
ES=0.970966339
FL=1.005411744
FR=0.981700957
GR=0.960842848
HU=1.091212392
I=0.970260799
IRL=0.87562114
LU=0.96091634
NL=0.860866427
P=0.996350706
PL=1.056429863
SE=1.000253677
SK=1.015785933
SL=1.064243317
UK=0.960204363
