[General]
Map=eur25nuts1
[Values]
AT=1.000292301
BE=1.000718713
CZ=1.000443935
DE=1.000116467
DK=1.00012207
ES=1.000484943
FL=1.000572681
FR=0.999125123
GR=1.000205994
HU=1.00057745
I=1.000243425
IRL=1.001712084
LU=1.000718713
NL=1.000074863
P=1.000656366
PL=1.000502706
SE=0.999808669
SK=1.000490546
SL=1.000134468
UK=1.00018239
