[General]
Map=eur25nuts1
[Values]
AT=1.229460955
BE=1.161138654
CZ=1.402894974
DE=1.163684368
DK=1.234071374
ES=1.364532232
FL=1.237614751
FR=1.234054446
GR=1.242466092
HU=1.429726243
I=1.125344038
IRL=1.379516721
LU=1.161138654
NL=1.245298147
P=1.196997166
PL=1.573047638
SE=1.217276573
SK=1.691215515
SL=1.134961963
UK=1.231293082
