[General]
Map=eur25nuts1
[Values]
AT=1.007907748
BE=1.03972888
CZ=1.133449078
DE=0.97777009
DK=1.180722117
ES=1.134766936
FL=1.109025002
FR=1.061577916
GR=1.020511389
HU=1.239554644
I=0.949351728
IRL=0.966347337
LU=1.03972888
NL=0.930147469
P=1.083786964
PL=1.235613346
SE=1.046910048
SK=1.250575542
SL=1.086256266
UK=1.012017727
