[General]
Map=eur25nuts1
[Values]
AT=1.000362277
BE=0.995665908
CZ=0.993983567
DE=1.001565099
DK=0.988955975
ES=1.007003665
FL=0.997527003
FR=1.012955427
GR=1.00497973
HU=0.988722622
I=1.001661181
IRL=1.027870536
LU=0.995665908
NL=1.006065249
P=1.013533115
PL=0.993667185
SE=1.00349474
SK=1.000371099
SL=0.996112347
UK=1.002577424
