[General]
Map=eur25nuts1
[Values]
AT=1.131115556
BE=1.049933434
CZ=1.24859798
DE=1.106243849
DK=1.163740754
ES=1.240684628
FL=1.134240389
FR=1.133030653
GR=1.156712532
HU=1.212191939
I=1.050789952
IRL=1.31063211
LU=1.049933434
NL=1.159231782
P=1.160365701
PL=1.339384437
SE=1.120949149
SK=1.406053662
SL=1.149888515
UK=1.152494311
