[General]
Map=eur25nuts1
[Values]
AT=1.03352499
BE=1.04145205
CZ=1.087257028
DE=1.057107568
DK=1.15008533
ES=1.13681066
FL=1.115454674
FR=1.102043748
GR=1.190673232
HU=1.163471103
I=1.003593445
IRL=1.117792487
LU=1.04145205
NL=1.078212857
P=1.151105762
PL=1.179993391
SE=1.129778743
SK=1.126722813
SL=1.095905662
UK=1.11368525
