[General]
Map=eur25nuts1
[Values]
AT=1.003294706
BE=0.9993487
CZ=1.001563668
DE=0.998434484
DK=0.995574296
ES=0.999741793
FL=0.998253763
FR=1.004658341
GR=1.001031876
HU=1.026108146
I=0.997568607
IRL=1.030696273
LU=0.9993487
NL=1.004814506
P=1.003049016
PL=1.008814096
SE=1.004678488
SK=1.001258016
SL=1.002165198
UK=1.000070572
