[General]
Map=eur25nuts1
[Values]
AT=0.97729373
BE=0.964773118
CZ=0.987083256
DE=0.988580048
DK=1.007517457
ES=0.976305902
FL=1.001157045
FR=0.985239685
GR=1.005501032
HU=0.999943614
I=0.991725206
IRL=0.970516384
LU=0.964773118
NL=1.002326965
P=0.987618148
PL=0.983113647
SE=1.003075361
SK=0.974236429
SL=1.000593901
UK=0.987738669
