[General]
Map=eur25nuts1
[Values]
AT=0.998666286
BE=0.976109564
CZ=0.986666977
DE=0.991802096
DK=0.993476152
ES=0.986236632
FL=0.987095177
FR=0.985832572
GR=0.991741836
HU=1.017043591
I=0.986016691
IRL=1.027732253
LU=0.976109564
NL=0.982058108
P=0.998191595
PL=1.001318216
SE=0.987146914
SK=0.988025248
SL=1.041183949
UK=0.992703795
