[General]
Map=eur25nuts1
[Values]
AT=0.965939999
BE=1.012641072
CZ=0.995550573
DE=0.984319925
DK=1.017865062
ES=0.990129411
FL=1.010470629
FR=0.966871798
GR=0.98528403
HU=0.991749465
I=1.005887389
IRL=0.964067221
LU=1.012641072
NL=0.952113152
P=0.994875073
PL=0.995069027
SE=1.038255215
SK=0.975522637
SL=0.983624578
UK=0.990342379
