[General]
Map=eur25nuts1
[Values]
AT=0.629714072
BE=0.665308177
CZ=0.921890855
DE=0.741734207
DK=0.579133332
ES=0.658410132
FL=0.813889563
FR=0.561144233
GR=0.57859695
HU=0.911738098
I=0.776871085
IRL=0.671175003
LU=0.665308177
NL=0.438978523
P=0.384231985
PL=0.906750023
SE=0.788377762
SK=0.887323201
SL=1.091105342
UK=0.723129213
