[General]
Map=eur25nuts1
[Values]
AT=0.963276267
BE=0.960909426
CZ=1.01089263
DE=0.98107779
DK=0.99614501
ES=0.970620871
FL=0.966768265
FR=0.984585822
GR=0.965886116
HU=1.062841296
I=0.967400551
IRL=0.98876214
LU=0.960909426
NL=0.921967745
P=0.902660966
PL=1.029855967
SE=0.967210174
SK=1.003698349
SL=1.031006932
UK=0.986657679
