[General]
Map=eur25nuts1
[Values]
AT=1.006576777
BE=1.007135272
CZ=0.985879302
DE=1.003077388
DK=1.004499435
ES=1.010650516
FL=1.002785206
FR=1.023097038
GR=1.040648103
HU=1.049440503
I=1.007550478
IRL=1.028798819
LU=1.007135272
NL=1.019725084
P=1.005981922
PL=1.006179333
SE=1.002874374
SK=0.989953518
SL=0.994660914
UK=1.017327666
