[General]
Map=eur25nuts1
[Values]
AT=0.787952781
BE=0.807385087
CZ=1.09029305
DE=0.814622819
DK=0.654877365
ES=0.979633093
FL=0.905794799
FR=0.619426548
GR=0.744174957
HU=1.12079525
I=0.800562441
IRL=0.950446784
LU=0.807385087
NL=0.56464386
P=0.262577683
PL=1.118073225
SE=0.918463647
SK=1.105406284
SL=1.098960161
UK=0.912434697
