[General]
Map=eur25nuts1
[Values]
AT=1.001854181
BE=0.957650542
CZ=1.020637274
DE=0.954262674
DK=0.949545205
ES=0.922420442
FL=0.997668087
FR=0.957184434
GR=0.948384523
HU=1.126281023
I=0.989923894
IRL=0.966714561
LU=0.957650542
NL=0.973135769
P=0.925627768
PL=1.095650196
SE=0.987823367
SK=1.009600639
SL=1.019815922
UK=0.971066535
