[General]
Map=eur25nuts1
[Values]
AT=0.942927003
BE=0.743374586
CZ=1.232150555
DE=0.815289438
DK=0.755535543
ES=1.04226613
FL=1.023757696
FR=0.952729762
GR=0.958203793
HU=1.598472118
I=0.910415649
IRL=0.768806219
LU=0.743374586
NL=0.612219512
P=1.014689565
PL=1.499510169
SE=0.882773757
SK=1.402840376
SL=1.179198503
UK=0.885514319
