[General]
Map=eur25nuts1
[Values]
AT=0.951010466
BE=1.079180956
CZ=1.110657454
DE=1.032310724
DK=1.185826778
ES=1.121983647
FL=1.088708401
FR=1.081633925
GR=1.061372876
HU=1.2264539
I=0.975328505
IRL=1.014745355
LU=1.079180956
NL=0.855291367
P=1.008387446
PL=1.162055969
SE=1.12609446
SK=1.166497588
SL=1.142336607
UK=1.072620511
