[General]
Map=eur25nuts1
[Values]
AT=0.938583732
BE=0.773209751
CZ=1.070502162
DE=0.873832226
DK=0.745069802
ES=0.940287888
FL=0.977845252
FR=0.911527157
GR=0.919136345
HU=1.305552483
I=0.935172021
IRL=0.755456805
LU=0.773209751
NL=0.582008839
P=0.981252015
PL=1.268600106
SE=0.891287148
SK=1.114389658
SL=1.105347037
UK=0.87998271
