[General]
Map=eur25nuts1
[Values]
AT=0.009129903
BE=0.00611482
CZ=0.015277686
DE=0.00496633
DK=0.017388128
ES=0.008165929
FL=0.008398303
FR=0.00812786
GR=0.011621027
HU=0.012736346
I=0.00656768
IRL=0.009382784
LU=0.00611482
NL=0.00513701
P=0.006174597
PL=0.017038066
SE=0.003885511
SK=0.012494648
SL=0.011417704
UK=0.006643516
