[General]
Map=eur25nuts1
[Values]
AT=0.031946398
BE=0.02372916
CZ=0.062596746
DE=0.035483152
DK=0.044982921
ES=0.046901364
FL=0.040958531
FR=0.03840217
GR=0.140942007
HU=0.050500356
I=0.035652593
IRL=0.040116481
LU=0.02372916
NL=0.029207725
P=0.041808899
PL=0.085633978
SE=0.020934807
SK=0.05899502
SL=0.055237476
UK=0.030551605
