[General]
Map=eur25nuts1
[Values]
AT=0.018785739
BE=0.01470884
CZ=0.038928978
DE=0.026125256
DK=0.023172537
ES=0.026993141
FL=0.026275273
FR=0.020640889
GR=0.087238237
HU=0.01895494
I=0.016575629
IRL=0.025537204
LU=0.01470884
NL=0.015903696
P=0.024924897
PL=0.052427396
SE=0.014972224
SK=0.03955121
SL=0.041433584
UK=0.021607898
