[General]
Map=eur25nuts1
[Values]
AT=0.004030757
BE=0.0029055
CZ=0.008390078
DE=0.004391565
DK=0.00442226
ES=0.011742294
FL=0.006284955
FR=0.009633422
GR=0.042082738
HU=0.018809067
I=0.012509283
IRL=0.005196494
LU=0.0029055
NL=0.008167018
P=0.010709403
PL=0.01616852
SE=0.002077073
SK=0.006949162
SL=0.002386189
UK=0.002300191
