[General]
Map=eur25nuts1
[Values]
AT=0.993359506
BE=1.013093472
CZ=0.984857917
DE=1.02115047
DK=1.0289886
ES=0.988415122
FL=1.053508043
FR=1.016879201
GR=0.917762518
HU=0.997963369
I=1.028818846
IRL=1.308319211
LU=1.013093472
NL=0.935708404
P=0.941464245
PL=0.940219104
SE=1.030679226
SK=0.948334575
SL=0.975968897
UK=0.984537542
