[General]
Map=eur25nuts1
[Values]
AT=0.924401522
BE=0.869674206
CZ=0.940145612
DE=0.921175539
DK=1.236021757
ES=0.985849977
FL=0.904697955
FR=1.015926838
GR=0.955709338
HU=1.074061394
I=0.91662842
IRL=1.326984763
LU=0.869674206
NL=1.162270188
P=0.84258002
PL=0.962447524
SE=0.891653061
SK=0.917214096
SL=0.921102881
UK=0.921552837
