[General]
Map=eur25nuts1
[Values]
AT=0.973895133
BE=0.700578809
CZ=1.038575292
DE=0.966119051
DK=1.2057091
ES=0.876004517
FL=0.959936678
FR=1.058582783
GR=0.853106678
HU=1.138223886
I=0.849162936
IRL=1.190071464
LU=0.700578809
NL=0.849643946
P=0.793723166
PL=1.024224162
SE=0.964680254
SK=0.971745551
SL=1.037086248
UK=0.883199751
