[General]
Map=eur25nuts1
[Values]
AT=0.909855425
BE=0.918015599
CZ=0.896866381
DE=0.908557713
DK=1.24429059
ES=1.016128421
FL=0.874944389
FR=1.000496387
GR=0.979776263
HU=1.044847608
I=0.942499697
IRL=1.412781239
LU=0.918015599
NL=1.268775821
P=0.856058896
PL=0.940541685
SE=0.869086683
SK=0.89465034
SL=0.884429395
UK=0.934498906
