[General]
Map=eur25nuts1
[Values]
AT=0.977510273
BE=0.942680895
CZ=0.959340632
DE=0.973721623
DK=0.997047782
ES=0.975943387
FL=0.984526575
FR=0.967706382
GR=0.993869603
HU=1.131013274
IRL=0.986243963
I=0.958200753
LU=0.942680895
NL=0.958772659
P=0.994345665
PL=0.992389798
SE=0.981758416
SK=0.949092329
SL=1.085370541
UK=0.97773242
