[General]
Map=eur25nuts1
[Values]
AT=1.077074051
BE=1.08514595
CZ=1.418819427
DE=1.07932663
DK=1.207326531
ES=1.229519129
FL=1.099737525
FR=1.123267889
GR=1.253101826
HU=1.995764494
I=1.03740406
IRL=1.260254383
LU=1.08514595
NL=1.113632679
P=1.089250088
PL=1.676777959
SE=1.091041684
SK=1.729575276
SL=1.347371817
UK=1.150827646
