[General]
Map=eur25nuts1
[Values]
AT=0.961245835
BE=0.981720686
CZ=1.010069847
DE=0.9790892
DK=0.96426177
ES=0.973794639
FL=0.94306767
FR=0.984932005
GR=0.990210354
HU=1.438070655
IRL=0.984599888
I=0.986029208
LU=0.981720686
NL=0.972773492
P=0.92914772
PL=1.038151622
SE=0.957183897
SK=0.990057349
SL=1.031820416
UK=0.98590678
