[General]
Map=eur25nuts1
[Values]
AT=0.991825759
BE=1.01500845
CZ=0.980229437
DE=1.013324261
DK=1.029128551
ES=0.982735693
FL=1.042885542
FR=1.006335616
GR=0.929605126
HU=1.000698447
I=1.018315911
IRL=1.253037572
LU=1.01500845
NL=0.949912786
P=0.944844306
PL=0.962779641
SE=1.035784483
SK=0.950653493
SL=0.987034798
UK=0.988011718
