[General]
Map=eur25nuts1
[Values]
AT=0.889874935
BE=0.934429049
CZ=0.915136158
DE=0.900599301
DK=1.211368561
ES=1.014974594
FL=0.839841247
FR=0.979887426
GR=0.992482901
HU=1.046837926
I=0.949142694
IRL=1.261647463
LU=0.934429049
NL=1.249860287
P=0.866426051
PL=0.951540649
SE=0.850202084
SK=0.903674185
SL=0.90242058
UK=0.920912981
