[General]
Map=eur25nuts1
[Values]
AT=1.000302434
BE=1.000277638
CZ=1.000149012
DE=1.000086546
DK=1.000217676
ES=1.000516176
FL=1.000370741
FR=1.000176668
GR=0.999846637
HU=1.000966191
I=0.999959648
IRL=1.001449585
LU=1.000277638
NL=1.000319481
P=1.000562787
PL=1.000782967
SE=1.000197411
SK=1.000472784
SL=1.000080705
UK=1.000189066
