[General]
Map=eur25nuts1
[Values]
AT=1.12676394
BE=1.053811193
CZ=1.150225878
DE=1.043757677
DK=1.14834857
ES=1.125254989
FL=1.142770529
FR=1.12996161
GR=1.132830858
HU=1.104250789
I=0.962971091
IRL=1.325437665
LU=1.053811193
NL=1.134028316
P=1.083294749
PL=1.249138832
SE=1.120516896
SK=1.329264998
SL=1.05917716
UK=1.136229038
