[General]
Map=eur25nuts1
[Values]
AT=0.993088245
BE=1.000266433
CZ=1.006633997
DE=0.995533943
DK=1.007399082
ES=0.999481261
FL=0.997667372
FR=0.995961487
GR=1.008639812
HU=1.004811764
I=0.996375859
IRL=0.999275327
LU=1.000266433
NL=1.00232935
P=0.999658346
PL=0.992450655
SE=0.976390362
SK=0.99926132
SL=1.021959186
UK=0.993432879
