[General]
Map=eur25nuts1
[Values]
AT=0.911369979
BE=0.946571827
CZ=0.998119056
DE=0.884660721
DK=1.076294541
ES=0.960987031
FL=1.013058424
FR=0.971984506
GR=0.932766259
HU=1.222475052
I=0.817653716
IRL=1.074079514
LU=0.946571827
NL=0.910500526
P=0.974228442
PL=1.091462731
SE=0.924176872
SK=1.087133408
SL=0.991241932
UK=0.974189937
