[General]
Map=eur25nuts1
[Values]
AT=1.096145511
BE=0.969735503
CZ=1.151476026
DE=1.065843344
DK=1.084457397
ES=1.118299484
FL=1.081986547
FR=1.108966351
GR=1.122148633
HU=0.987402618
I=0.974463344
IRL=1.242175937
LU=0.969735503
NL=1.136313677
P=1.114761949
PL=1.183280826
SE=1.105337381
SK=1.254401326
SL=1.117918015
UK=1.119492769
