[General]
Map=eur25nuts1
[Values]
AT=0.997680187
BE=0.997119427
CZ=0.994071484
DE=1.000751853
DK=1.000316858
ES=1.002629042
FL=1.001772761
FR=1.005663037
GR=1.001533151
HU=0.976457655
I=1.005785704
IRL=0.998220742
LU=0.997119427
NL=1.01260078
P=1.009815335
PL=0.991094768
SE=0.999898851
SK=0.998948336
SL=0.996592343
UK=1.001925468
