[General]
Map=eur25nuts1
[Values]
AT=1.00178802
BE=0.994732022
CZ=1.011308908
DE=1.012741685
DK=0.984396756
ES=1.015526295
FL=1.012884736
FR=1.014812231
GR=1.031788111
HU=1.045829892
I=1.000531197
IRL=1.076999068
LU=0.994732022
NL=1.021127701
P=1.02835989
PL=1.029000759
SE=1.001223326
SK=1.010270476
SL=1.00644803
UK=1.012864351
