[General]
Map=eur25nuts1
[Values]
AT=1.042289257
BE=0.970666945
CZ=1.100008488
DE=1.025027871
DK=1.087894201
ES=1.059925318
FL=1.06685853
FR=1.06696701
GR=1.08038187
HU=1.096837997
I=0.921702921
IRL=1.182539701
LU=0.970666945
NL=1.064018369
P=1.07566762
PL=1.153517485
SE=1.059598207
SK=1.191718817
SL=1.084524512
UK=1.083306789
