[General]
Map=eur25nuts1
[Values]
AT=0.982739925
BE=0.984883606
CZ=1.032183051
DE=0.980863988
DK=0.986546576
ES=0.98802644
FL=0.987396955
FR=0.973708034
GR=0.972062051
HU=1.135015368
I=0.976150572
IRL=0.985896766
LU=0.984883606
NL=0.976064384
P=0.993253767
PL=1.07086134
SE=0.971771121
SK=1.028173685
SL=1.069617748
UK=0.995806575
