[General]
Map=eur25nuts1
[Values]
AT=1.006134272
BE=0.999525726
CZ=1.005380511
DE=1.001205683
DK=0.999137521
ES=1.005948544
FL=1.00738132
FR=1.004216909
GR=1.002351761
HU=1.041194081
I=1.001200557
IRL=1.030126929
LU=0.999525726
NL=1.010698318
P=1.008443356
PL=1.01406908
SE=1.003666043
SK=1.007434964
SL=1.002971292
UK=1.002645254
