[General]
Map=eur25nuts1
[Values]
AT=1.031308413
BE=1.007253051
CZ=1.02803874
DE=0.998051584
DK=1.000597239
ES=1.008340836
FL=1.020373821
FR=0.995766282
GR=0.985118806
HU=1.116861224
I=0.989743412
IRL=1.085440397
LU=1.007253051
NL=0.998943985
P=0.996894717
PL=1.054213405
SE=1.014065146
SK=1.026397228
SL=1.019813776
UK=1.002763629
