[General]
Map=eur25nuts1
[Values]
AT=0.987163961
BE=1.023258448
CZ=1.016454339
DE=1.019553304
DK=1.141076922
ES=0.996107101
FL=1.090956807
FR=1.076308131
GR=1.082855463
HU=1.094295502
I=0.872815371
IRL=1.144291043
LU=1.023258448
NL=1.02692759
P=1.119195819
PL=1.089513183
SE=1.083299756
SK=1.071242213
SL=1.046202421
UK=1.091877341
