[General]
Map=eur25nuts1
[Values]
AT=0.950875163
BE=0.956002653
CZ=1.017461777
DE=0.994950294
DK=0.99698025
ES=1.01274395
FL=0.987297714
FR=1.00291276
GR=1.006306887
HU=1.097012401
I=0.975000441
IRL=1.066237807
LU=0.956002653
NL=0.924909472
P=0.909034312
PL=1.04656589
SE=0.953358471
SK=1.020746112
SL=1.026017308
UK=1.013695598
