[General]
Map=eur25nuts1
[Values]
AT=0.868412435
BE=0.892190516
CZ=1.080251217
DE=0.807335675
DK=0.867315173
ES=0.929017901
FL=0.940463364
FR=0.94521004
GR=0.89436084
HU=1.761189818
I=0.80055654
IRL=1.055289745
LU=0.892190516
NL=0.906886578
P=0.972561836
PL=1.314097762
SE=0.835947096
SK=1.187108636
SL=1.047450781
UK=0.952085614
