[General]
Map=eur25nuts1
[Values]
AT=1.012103319
BE=0.96219945
CZ=1.042221189
DE=0.974211037
DK=0.932797313
ES=0.956697226
FL=1.011788607
FR=0.957678795
GR=0.958722174
HU=1.237621903
I=0.984187067
IRL=1.081787825
LU=0.96219945
NL=1.019861341
P=0.981430829
PL=1.14422667
SE=0.989043593
SK=1.041777372
SL=1.021373987
UK=0.98563832
