[General]
Map=eur25nuts1
[Values]
AT=1.004829764
BE=1.001742005
CZ=0.994273961
DE=1.000097156
DK=1.008518219
ES=1.000276685
FL=0.996757746
FR=1.007466793
GR=1.00535655
HU=0.997770011
I=1.006485701
IRL=0.999589145
LU=1.001742005
NL=1.030480504
P=0.982940972
PL=1.000609875
SE=1.003463268
SK=0.995815277
SL=0.997269928
UK=1.010926127
