[General]
Map=eur25nuts1
[Values]
AT=0.805473864
BE=0.871159673
CZ=1.103375196
DE=0.82171762
DK=0.681546032
ES=1.045119643
FL=1.05647552
FR=0.72261256
GR=0.809394538
HU=1.085990548
I=0.818801522
IRL=1.053805232
LU=0.871159673
NL=0.746422708
P=0.37349537
PL=1.083702087
SE=0.875457406
SK=1.108224392
SL=1.143245697
UK=0.994340658
