[General]
Map=eur25nuts1
[Values]
AT=0.824267387
BE=0.967255771
CZ=0.963446021
DE=0.905237079
DK=1.137881756
ES=1.001491666
FL=0.95861119
FR=1.004904866
GR=1.061014175
HU=1.150005102
I=0.813196063
IRL=1.093475103
LU=0.967255771
NL=0.744896591
P=0.937050164
PL=0.984458566
SE=0.912100196
SK=1.03317368
SL=1.032998085
UK=0.981387794
