[General]
Map=eur25nuts1
[Values]
AT=0.983977973
BE=1.012219191
CZ=1.006191134
DE=0.981615067
DK=1.006057501
ES=0.985910892
FL=0.97036767
FR=0.985192716
GR=0.98472774
HU=0.988219738
I=0.985433996
IRL=0.986030757
LU=1.012219191
NL=0.95535934
P=0.986268938
PL=1.001055002
SE=0.938756168
SK=0.980899453
SL=0.994411051
UK=0.98594147
