[General]
Map=eur25nuts1
[Values]
AT=0.018992901
BE=0.014976409
CZ=0.046019077
DE=0.026589911
DK=0.021628879
ES=0.027770158
FL=0.02579627
FR=0.021964863
GR=0.085080437
HU=0.024436234
I=0.017267292
IRL=0.022031007
LU=0.014976409
NL=0.015310715
P=0.024656596
PL=0.060226895
SE=0.014897422
SK=0.045745507
SL=0.04193024
UK=0.021858549
