[General]
Map=eur25nuts1
[Values]
AT=0.008315749
BE=0.005787982
CZ=0.014714397
DE=0.004783716
DK=0.014604447
ES=0.007240371
FL=0.007325303
FR=0.007794855
GR=0.010280776
HU=0.011495101
I=0.00648276
IRL=0.009448614
LU=0.005787982
NL=0.005447326
P=0.00394022
PL=0.016063577
SE=0.003290976
SK=0.010151957
SL=0.010085166
UK=0.006514541
