[General]
Map=eur25nuts1
[Values]
AT=0.003858675
BE=0.003029275
CZ=0.009235024
DE=0.004329657
DK=0.003839443
ES=0.01102231
FL=0.006119129
FR=0.009613557
GR=0.031522445
HU=0.01861882
I=0.012103006
IRL=0.0053606
LU=0.003029275
NL=0.007812182
P=0.009523369
PL=0.01671518
SE=0.002074016
SK=0.007018248
SL=0.002663263
UK=0.002222416
