[General]
Map=eur25nuts1
[Values]
AT=0.926763713
BE=0.868692815
CZ=0.968721092
DE=0.930755377
DK=1.224341512
ES=0.988505602
FL=0.917690516
FR=1.028696299
GR=0.952902198
HU=1.117527843
I=0.926609635
IRL=1.285160899
LU=0.868692815
NL=1.159425497
P=0.854552746
PL=0.986487746
SE=0.903577745
SK=0.940555096
SL=0.934357762
UK=0.922661304
