[General]
Map=eur25nuts1
[Values]
AT=0.992382586
BE=1.013473511
CZ=1.001932621
DE=1.01251936
DK=1.023372173
ES=0.982152224
FL=1.050726295
FR=1.019203544
GR=0.910925806
HU=1.012436748
I=1.029069901
IRL=1.324009776
LU=1.013473511
NL=0.934203446
P=0.936827242
PL=0.958193481
SE=1.024956107
SK=0.967707098
SL=0.98302114
UK=0.977736831
