[General]
Map=eur25nuts1
[Values]
AT=0.912237227
BE=0.898674488
CZ=0.919474483
DE=0.916628778
DK=1.226496816
ES=1.014732122
FL=0.880111694
FR=1.009629369
GR=0.974079132
HU=1.065566897
I=0.952779889
IRL=1.285270572
LU=0.898674488
NL=1.223095179
P=0.874725103
PL=0.960835636
SE=0.882391989
SK=0.914683878
SL=0.904398203
UK=0.923738897
