[General]
Map=eur25nuts1
[Values]
AT=0.977383733
BE=0.765785038
CZ=1.10655117
DE=0.981907487
DK=1.215782762
ES=0.890226901
FL=0.98835665
FR=1.081615925
GR=0.859746277
HU=1.259205103
I=0.856468081
IRL=1.284985781
LU=0.765785038
NL=0.973060429
P=0.783355057
PL=1.073440671
SE=0.975166976
SK=1.007914782
SL=1.050744414
UK=0.919440091
