[General]
Map=eur25nuts1
[Values]
AT=0.031167325
BE=0.023793666
CZ=0.069968492
DE=0.035703283
DK=0.040072773
ES=0.046032842
FL=0.039240699
FR=0.039373275
GR=0.126883656
HU=0.054550149
I=0.035853058
IRL=0.036840223
NL=0.028570224
P=0.038120188
PL=0.09300565
SE=0.020262415
UK=0.030595509
