[General]
Map=eur25nuts1
[Values]
AT=0.974827647
BE=0.984996617
CZ=1.022809029
DE=0.995438337
DK=1.001259923
ES=1.000542045
FL=0.977487683
FR=0.999389589
GR=1.01589787
HU=1.618331432
IRL=0.996270895
I=1.055714965
LU=0.984996617
NL=0.99316299
P=0.976703107
PL=1.048210382
SE=0.965156734
SK=1.021988988
SL=1.031549335
UK=1.000879049
