[General]
Map=eur25nuts1
[Values]
AT=1.028230667
BE=1.035031557
CZ=1.172428727
DE=1.038090348
DK=1.135037184
ES=1.06809926
FL=1.067193985
FR=1.092210889
GR=1.100170135
HU=1.656777859
I=0.925851166
IRL=1.280634165
LU=1.035031557
NL=1.057779431
P=1.05835402
PL=1.277280211
SE=1.06356585
SK=1.309705019
SL=1.241615772
UK=1.118762136
