[General]
Map=eur25nuts1
[Values]
AT=0.987289488
BE=0.96919024
CZ=0.988565385
DE=0.985364974
DK=0.950918972
ES=0.995102644
FL=0.97810483
FR=0.992280841
GR=1.001093745
HU=1.12853229
IRL=0.990535915
I=0.986048043
LU=0.96919024
NL=0.993204415
P=0.994832456
PL=1.002512217
SE=0.980660975
SK=0.977561653
SL=1.083329082
UK=0.996744573
